29187.9
20075.6
18715.4
16774
14740.3
12785.9
11491.8
11003.2
9465.56
9300.54
8918.16
8672.82
8413.92
8192.89
7920.54
7804.19
7551.37
7336.99
7023.4
6839.15
6651.71
6490.66
6287.51
6223.76
6185.8
6125.98
5979.44
5902.16
5793.58
5736.55
5685.88
5652.22
5583.69
5551.37
5523
5463.92
5463.92
5442.97
5417.86
5367.4
5269.81
5213.25
5055.83
5022.13
5020.81
5004.13
5004.13
4991.35
4991.35
4980.12
4979.59
4979.59
4977.92
4977.92
4946.29
4880.03
4842.05
4797.84
4790.25
4790.25
4790.25
4790.25
4774.14
4774.14
4774.14
4774.14
4726.2
4726.2
4726.2
4726.2
4726.2
4726.2
4726.2
4726.2
4726.2
4726.2
4726.2
4726.2
4726.2
4726.2
4726.2
4726.2
4630.85
4630.85
4630.85
4630.85
4630.85
4630.85
4630.85
4630.85
4630.85
4630.85
4630.85
4630.85
4630.85
4630.85
4630.85
4630.85
4630.85
4630.85
4630.85
4630.85
4630.85
4630.85
4630.85
4630.85
4630.85
4630.85
4630.85
4630.85
4630.85
4630.85
4630.85
4630.85
4630.85
4630.85
4630.85
4630.85
4630.85
4630.85
4630.85
4630.85
4630.85
4630.85
4630.85
4630.85
4630.85
4630.85
4630.85
4630.85
4630.85
4630.85
4630.85
4630.85
4630.85
4630.85
4630.85
4630.85
4630.85
4630.85
4630.85
4630.85
4607.77
4607.77
4607.77
4607.77
4607.77
4607.77
4607.77
4607.77
4607.77
4607.77
4607.77
4607.77
4607.77
4607.77
4607.77
4607.77
4607.77
4607.77
4607.77
4607.77
4607.77
4607.77
4607.77
4607.77
4607.77
4607.77
4607.77
4607.77
4607.77
4607.77
4607.77
4607.77
4607.77
4607.77
4607.77
4607.77
4607.77
4607.77
4607.77
4607.77
4607.77
4607.77
4607.77
4607.77
4607.77
4607.77
4607.77
4607.77
4607.77
4607.77
4607.77
4607.77
4607.77
4607.77
4607.77
4607.77
4607.77
4607.77
