28484.9
22891.7
19980.9
16790
15809.9
13225.7
12459.3
11918.4
11007.9
9579.67
8787.72
8657.26
8391.16
8142.86
7863.9
7701.86
7369.4
7048.46
6760.73
6629.34
6553.09
6397.34
6287.51
6233.13
6112.91
6082.01
6045.9
5905.99
5872.1
5746.5
5695.74
5597.47
5551.15
5472.79
5363.54
5338.6
5300.64
5269.3
5231.34
5199.99
5190.05
5117.3
5058.76
5036.92
5030.39
5021.35
5012.28
5007.48
4983.54
4942.05
4928.17
4915.73
4914.06
4902.06
4902.06
4843.62
4838.9
4837.24
4837.24
4828.51
4820.31
4820.31
4748.05
4733.16
4733.16
4712.57
4712.57
4712.57
4712.57
4712.57
4712.57
4712.57
4712.57
4712.57
4710.34
4710.34
4664.63
4664.63
4664.63
4664.63
4660.15
4630.85
4630.85
4630.85
4630.85
4630.85
4630.85
4630.85
4630.85
4630.85
4630.85
4630.85
4630.85
4630.85
4630.85
4630.85
4630.85
4630.85
4630.85
4630.85
4630.85
4630.85
4630.85
4630.85
4630.85
4630.85
4630.85
4630.85
4630.85
4630.85
4630.85
4630.85
4630.85
4630.85
4630.85
4630.85
4630.85
4630.85
4630.85
4630.85
4630.85
4630.85
4630.85
4630.85
4630.85
4630.85
4630.85
4630.85
4630.85
4630.85
4619.64
4607.77
4607.77
4607.77
4607.77
4607.77
4607.77
4607.77
4607.77
4607.77
4607.77
4607.77
4607.77
4607.77
4607.77
4607.77
4607.77
4607.77
4607.77
4607.77
4607.77
4607.77
4607.77
4607.77
4607.77
4607.77
4607.77
4607.77
4607.77
4607.77
4607.77
4607.77
4607.77
4607.77
4607.77
4607.77
4607.77
4607.77
4607.77
4607.77
4607.77
4607.77
4607.77
4607.77
4607.77
4607.77
4607.77
4607.77
4607.77
4607.77
4607.77
4607.77
4607.77
4607.77
4607.77
4607.77
4607.77
4607.77
4607.77
4607.77
4607.77
4607.77
4607.77
4607.77
4607.77
4607.77
4607.77
4607.77
4607.77
4607.77
