29467.3
22400
18064.9
16269
14889
13758
12582.3
11958.1
11069.5
10471
10126.2
9817.03
9360.84
8746.9
8366.39
8154.86
7775.92
7527.6
7386.02
7069.15
6798.37
6614.55
6287.51
6212.71
6160.09
6141.82
6043.46
5901.31
5821.88
5710.97
5697.47
5530.85
5511.19
5487.32
5449.36
5409.49
5351.04
5284.81
5216.42
5191.57
5156.72
5145.75
5058.76
5034.88
5032.41
5019.63
5017.96
5016.15
5004.24
4997.13
4986.55
4958.31
4925.54
4920
4842.83
4835.76
4805.39
4782.36
4782.36
4781.22
4781.22
4781.22
4768.89
4739.73
4739.73
4739.73
4739.73
4739.73
4737.5
4737.5
4691.79
4691.79
4691.79
4691.79
4691.79
4691.79
4691.79
4691.79
4691.79
4691.79
4691.79
4691.79
4630.85
4630.85
4630.85
4630.85
4630.85
4630.85
4630.85
4630.85
4630.85
4630.85
4630.85
4630.85
4630.85
4630.85
4630.85
4630.85
4630.85
4630.85
4630.85
4630.85
4630.85
4630.85
4630.85
4630.85
4630.85
4630.85
4630.85
4630.85
4630.85
4630.85
4630.85
4630.85
4630.85
4630.85
4630.85
4630.85
4630.85
4630.85
4630.85
4630.85
4630.85
4630.85
4630.85
4630.85
4630.85
4630.85
4630.85
4630.85
4630.85
4630.85
4630.85
4630.85
4630.85
4630.85
4630.85
4630.85
4630.85
4630.85
4630.85
4630.85
4607.77
4607.77
4607.77
4607.77
4607.77
4607.77
4607.77
4607.77
4607.77
4607.77
4607.77
4607.77
4607.77
4607.77
4607.77
4607.77
4607.77
4607.77
4607.77
4607.77
4607.77
4607.77
4607.77
4607.77
4607.77
4607.77
4607.77
4607.77
4607.77
4607.77
4607.77
4607.77
4607.77
4607.77
4607.77
4607.77
4607.77
4607.77
4607.77
4607.77
4607.77
4607.77
4607.77
4607.77
4607.77
4607.77
4607.77
4607.77
4607.77
4607.77
4607.77
4607.77
4607.77
4607.77
4607.77
4607.77
4607.77
4607.77
