33081.6
26727.1
24093.7
21459
18985.1
16960.4
14831.2
14131.5
12794.5
12155.8
11020.5
10530.9
10141.4
9642.22
9405.71
9191.93
8630.58
8077.73
7845.79
7613.22
7425.52
7289.55
6287.51
6223.76
6184.22
5993.77
5888.24
5862.67
5746.44
5692.77
5640.15
5610.87
5555.24
5519.09
5435.53
5317.18
5238.5
5202.82
5183.84
5179.26
5134.33
5102.59
5058.76
5058.76
5057.09
5057.09
5045.86
5045.86
5032.14
4994.77
4983.53
4972.9
4960.55
4947.59
4868.34
4866.02
4835.65
4830.6
4830.07
4830.07
4811.95
4811.95
4781.22
4781.22
4774.14
4774.14
4774.14
4774.14
4771.9
4771.9
4726.2
4726.2
4726.2
4726.2
4726.2
4726.2
4726.2
4726.2
4726.2
4726.2
4726.2
4726.2
4630.85
4630.85
4630.85
4630.85
4630.85
4630.85
4630.85
4630.85
4630.85
4630.85
4630.85
4630.85
4630.85
4630.85
4630.85
4630.85
4630.85
4630.85
4630.85
4630.85
4630.85
4630.85
4630.85
4630.85
4630.85
4630.85
4630.85
4630.85
4630.85
4630.85
4630.85
4630.85
4630.85
4630.85
4630.85
4630.85
4630.85
4630.85
4630.85
4630.85
4630.85
4630.85
4630.85
4630.85
4630.85
4630.85
4630.85
4630.85
4630.85
4630.85
4630.85
4630.85
4630.85
4630.85
4630.85
4630.85
4630.85
4630.85
4630.85
4630.85
4607.77
4607.77
4607.77
4607.77
4607.77
4607.77
4607.77
4607.77
4607.77
4607.77
4607.77
4607.77
4607.77
4607.77
4607.77
4607.77
4607.77
4607.77
4607.77
4607.77
4607.77
4607.77
4607.77
4607.77
4607.77
4607.77
4607.77
4607.77
4607.77
4607.77
4607.77
4607.77
4607.77
4607.77
4607.77
4607.77
4607.77
4607.77
4607.77
4607.77
4607.77
4607.77
4607.77
4607.77
4607.77
4607.77
4607.77
4607.77
4607.77
4607.77
4607.77
4607.77
4607.77
4607.77
4607.77
4607.77
4607.77
4607.77
