25062.3
19444.1
17175.6
15101.4
13959.7
12699.8
12044.6
11267.4
10588.7
10143
9486.25
8956.65
8707.69
8283.23
7969.55
7856.68
7435.61
7356.11
7180.65
7041.04
6961.54
6824.34
6478.84
6445.74
6416.82
6288.93
6215.16
6171.54
6096.04
5971.15
5889.18
5751.95
5731.36
5650.54
5615.27
5550.51
5521.28
5510.39
5481.82
5460.36
5446.53
5392.73
5340.18
5314.22
5297.28
5292.72
5279.27
5273.03
5236.38
5223.05
5183.93
5149.44
5103.75
5078.76
5051.84
4917.95
4914.18
4914.18
4913.73
4913.73
4912.59
4903.88
4903.88
4903.88
4903.88
4897.05
4897.05
4895.3
4895.3
4892.51
4862.4
4839.17
4822.53
4818.75
4810.54
4810.54
4780.03
4771.81
4771.81
4771.81
4769.44
4769.44
4769.44
4769.44
4769.44
4735.48
4725.81
4694.06
4694.06
4694.06
4694.06
4694.06
4694.06
4680.2
4680.2
4680.2
4680.2
4680.2
4680.2
4680.2
4680.2
4680.2
4680.2
4680.2
4680.2
4680.2
4680.2
4680.2
4680.2
4680.2
4680.2
4675.49
4675.49
4675.49
4675.49
4675.49
4673.03
4654.16
4653.41
4646.37
4625.66
4625.66
4625.66
4624.53
4624.53
4624.53
4624.53
4624.53
4624.53
4624.53
4624.53
4624.53
4624.53
4624.53
4624.53
4624.53
4624.53
4624.53
4624.53
4624.53
4624.53
4624.53
4624.53
4624.53
4624.53
4624.53
4624.53
4624.53
4624.53
4624.53
4624.53
4624.53
4624.53
4624.53
4624.53
4624.53
4624.53
4624.53
4624.53
4624.53
4624.53
4624.53
4624.53
4624.53
4624.53
4624.53
4624.53
4624.53
4624.53
4624.53
4624.53
4624.53
4624.53
4624.53
4624.53
4624.53
4624.53
4624.53
4624.53
4624.53
4624.53
4624.53
4624.53
4624.53
4624.53
4624.53
4624.53
4624.53
4624.53
4624.53
4624.53
4624.53
4624.53
4624.53
4624.53
4624.53
4624.53
4624.53
4624.53
4624.53
4624.53
