24284.9
21096.2
18088.8
15168.2
13310.1
12236.9
10861.3
10117.2
9450.71
8927.27
8475.38
8243.26
8015.69
7555.51
7320.76
7128.39
6885.14
6704.4
6584.5
6528.49
6334.25
6244.46
6141.99
5990.92
5898.45
5793.08
5778.59
5725.04
5622.91
5557.59
5520.2
5467.74
5418.31
5352.24
5321.99
5261.65
5214.76
5191.43
5073.2
5048.08
5048.08
5001.93
4982.05
4927.48
4922.85
4885.85
4855.71
4837.43
4822
4808.14
4804.85
4796.12
4796.12
4767
4752.62
4746.05
4746.05
4745.39
4743.65
4742.99
4697.94
4697.29
4695.6
4694.94
4694.37
4694.37
4691.72
4687
4687
4687
4687
4687
4687
4687
4687
4687
4687
4687
4687
4687
4687
4687
4687
4687
4687
4687
4687
4687
4687
4687
4682.97
4682.97
4679.86
4679.86
4679.86
4679.86
4679.86
4679.86
4679.86
4679.86
4679.86
4671.14
4645.19
4645.19
4645.19
4645.19
4645.19
4645.19
4645.19
4645.19
4645.19
4645.19
4645.19
4645.19
4645.19
4645.19
4645.19
4645.19
4645.19
4645.19
4645.19
4645.19
4645.19
4645.19
4645.19
4645.19
4645.19
4645.19
4645.19
4645.19
4645.19
4645.19
4645.19
4645.19
4645.19
4645.19
4645.19
4645.19
4645.19
4645.19
4645.19
4645.19
4645.19
4645.19
4645.19
4645.19
4645.19
4645.19
4645.19
4645.19
4645.19
4645.19
4645.19
4645.19
4645.19
4645.19
4645.19
4645.19
4645.19
4645.19
4645.19
4645.19
4645.19
4645.19
4645.19
4645.19
4645.19
4645.19
4645.19
4645.19
4645.19
4645.19
4645.19
4645.19
4645.19
4645.19
4645.19
4645.19
4645.19
4645.19
4645.19
4645.19
4645.19
4645.19
4645.19
4645.19
4645.19
4645.19
4645.19
4645.19
4645.19
4645.19
4645.19
4645.19
4645.19
4645.19
4645.19
4645.19
4645.19
4645.19
