28341.6
20904
19515.7
17562.9
14894.3
13636.4
12246.4
11196.3
10084
9026.44
8571.41
8161.83
7897.88
7661.21
7525.56
7346.74
7285.29
7147
6863.18
6751.12
6687.69
6487.6
6239.07
6087.35
6059.26
5845.22
5791.79
5762.6
5706.93
5649.64
5621.41
5561.58
5510.89
5451.06
5413.98
5379.27
5352.05
5340.86
5320.2
5274.47
5274.47
5263.28
5227.07
5211.41
5189.1
5184.96
5169.29
5048.36
5028.55
5028.55
5004.28
5004.28
4916.94
4914.37
4911.47
4909.35
4906.46
4894.55
4886.6
4886.6
4886.6
4886.6
4886.6
4886.6
4881.47
4879.14
4874.17
4865.9
4863.57
4862.95
4862.95
4862.95
4849.9
4832.04
4830.9
4830.9
4829.77
4829.77
4777.64
4776.5
4776.5
4724.79
4724.18
4724.18
4724.18
4724.18
4724.18
4724.18
4724.18
4717.28
4717.28
4717.28
4717.28
4717.28
4716.6
4716.6
4716.6
4716.6
4716.6
4716.6
4716.6
4716.6
4716.6
4716.6
4716.6
4707.83
4707.83
4707.83
4707.83
4707.83
4707.83
4707.83
4707.83
4707.83
4707.83
4707.83
4707.83
4707.83
4707.83
4707.83
4707.83
4707.83
4707.83
4707.83
4707.83
4707.83
4707.83
4707.83
4707.83
4707.83
4707.83
4707.83
4707.83
4707.83
4707.83
4707.83
4707.83
4707.83
4688.47
4671.25
4671.25
4671.25
4671.25
4671.25
4671.25
4671.25
4671.25
4671.25
4671.25
4671.25
4671.25
4671.25
4671.25
4671.25
4671.25
4671.25
4671.25
4671.25
4671.25
4671.25
4671.25
4671.25
4671.25
4671.25
4671.25
4671.25
4671.25
4671.25
4671.25
4671.25
4671.25
4671.25
4671.25
4671.25
4671.25
4671.25
4671.25
4671.25
4666.54
4666.54
4666.54
4666.54
4666.54
4666.54
4666.54
4666.54
4666.54
4666.54
4666.54
4666.54
4666.54
4666.54
4666.54
4666.54
4666.54
4666.54
4666.54
4666.54
4666.54
4666.54
4666.54
