29187.9
20075.6
18715.4
16774
14740.3
12785.9
11491.8
11003.2
9465.56
9300.54
8918.16
8672.82
8413.92
8192.89
7920.54
7804.19
7551.37
7336.99
7023.4
6839.15
6651.71
6490.66
6350.23
6116.06
5902.14
5787.66
5728.68
5648.15
5528.18
5409.8
5375.09
5329.38
5323.44
5278.06
5157.86
5136.28
5107.57
5071.42
5052.15
5040.94
5032.66
5032.66
5024.74
4998.53
4981.57
4958.99
4958.58
4943.47
4934.36
4934.36
4907.54
4902.74
4881.65
4866.54
4862.57
4862.57
4851.58
4851.58
4818.99
4818.99
4809.18
4807.73
4797.59
4796.15
4790.79
4782.56
4782.56
4773.84
4773.84
4771.76
4771.76
4764.08
4764.08
4761.51
4759.09
4756.71
4754.29
4741.3
4722.44
4707.02
4707.02
4697.7
4697.7
4697.7
4697.7
4697.7
4697.7
4681.88
4677.16
4677.16
4677.16
4677.16
4677.16
4677.16
4677.16
4677.16
4677.16
4677.16
4677.16
4677.16
4677.16
4677.16
4677.16
4677.16
4677.16
4677.16
4674.93
4674.93
4671.46
4671.46
4670.6
4670.32
4670.32
4670.32
4670.32
4670.32
4670.32
4624.62
4624.62
4624.62
4624.62
4624.62
4624.62
4624.62
4624.62
4624.62
4624.62
4624.62
4624.62
4624.62
4624.62
4624.62
4624.62
4624.62
4624.62
4624.62
4624.62
4622.75
4622.75
4622.75
4622.75
4622.75
4622.75
4622.75
4622.75
4622.75
4622.75
4613.38
4613.38
4613.38
4613.38
4613.1
4613.1
4613.1
4613.1
4613.1
4613.1
4613.1
4613.1
4613.1
4613.1
4613.1
4613.1
4613.1
4613.1
4613.1
4613.1
4613.1
4613.1
4613.1
4613.1
4613.1
4613.1
4613.1
4613.1
4613.1
4613.1
4613.1
4613.1
4613.1
4613.1
4613.1
4613.1
4613.1
4613.1
4613.1
4613.1
4613.1
4613.1
4613.1
4613.1
4613.1
4613.1
4613.1
4613.1
4613.1
4613.1
4613.1
4613.1
4613.1
4613.1
