26565.2
23007.1
18046.8
16537.5
15055.5
13983.9
12652.6
11817.9
11480.6
10702.3
10115.2
9871.77
9662.02
8911.01
8448.08
7960.44
7776.48
7270.54
6840.34
6747.56
6656.27
6545.58
6351.06
6276.52
6036.98
5909.65
5833.12
5786.9
5514.68
5404.13
5312.32
5224.2
5224.2
5191.29
5185.23
5142.72
5129.45
5094.67
5093.49
5062.04
5038.33
5008.65
4944.41
4929.27
4908.69
4906.04
4893.23
4890.58
4882.53
4879.87
4879.87
4878.49
4865.83
4864.69
4864.69
4864.69
4864.69
4852.68
4850.31
4850.31
4850.22
4845.59
4837.64
4837.64
4827.71
4805.34
4805.34
4787.1
4787.1
4786.48
4786.48
4773.12
4773.12
4773.12
4773.12
4773.12
4771.98
4771.98
4771.98
4771.98
4755.24
4755.24
4754.62
4747.37
4747.37
4747.37
4747.37
4747.37
4732.68
4732.68
4732.68
4732.68
4732.68
4732.68
4732.68
4732.68
4732.68
4732.68
4689.85
4689.85
4689.85
4689.85
4689.85
4689.85
4689.85
4689.85
4689.85
4687.24
4687.24
4687.24
4687.24
4687.24
4687.24
4687.24
4687.24
4687.24
4687.24
4687.24
4687.24
4674.61
4674.61
4674.61
4674.61
4674.61
4674.61
4674.61
4674.61
4674.61
4674.61
4674.61
4674.61
4674.61
4674.61
4674.61
4674.61
4674.61
4674.61
4674.61
4674.61
4674.61
4674.61
4669.9
4669.9
4669.9
4669.9
4669.9
4669.9
4669.9
4669.9
4669.9
4669.9
4669.9
4669.9
4669.9
4669.9
4669.9
4669.9
4669.9
4669.9
4669.9
4669.9
4669.9
4669.9
4669.9
4669.9
4669.9
4669.9
4669.9
4669.9
4645.33
4645.33
4645.33
4645.33
4645.33
4645.33
4645.33
4645.33
4645.33
4645.33
4645.33
4645.33
4645.33
4645.33
4645.33
4645.33
4645.33
4645.33
4645.33
4645.33
4645.33
4645.33
4645.33
4645.33
4645.33
4645.33
4645.33
4645.33
4645.33
4645.33
4645.33
4645.33
