3.13357,0
3.13326,0.000306792
3.13255,0.000736969
3.11643,0.0161268
3.12207,0.0137081
3.12687,0.0121767
3.13012,0.0107917
3.1307,0.00936414
3.13301,0.00857465
3.13045,0.00808568
3.12852,0.0075643
3.13336,0.00843344
3.13504,0.00793742
3.13755,0.00776595
3.13675,0.00727339
3.13908,0.00719031
3.14047,0.00689531
3.14015,0.0065086
3.14101,0.00621591
3.14329,0.00632245
3.14324,0.00601408
3.14233,0.00580631
3.14433,0.00590048
3.1433,0.00574314
3.14378,0.00552914
3.14545,0.00556917
3.14565,0.00536266
3.14498,0.0052111
3.14482,0.00503075
3.14467,0.00486246
3.14461,0.00470338
3.14576,0.00469806
3.14497,0.0046224
3.14483,0.00448645
3.1463,0.00459667
3.14615,0.00446962
3.14813,0.0047758
3.14744,0.00469918
3.14892,0.00481021
3.14826,0.00473448
3.14896,0.00467093
3.14766,0.0047413
3.14658,0.00475319
3.14637,0.00464874
3.1465,0.00454603
3.14586,0.00449184
3.14492,0.00449329
3.14474,0.00440259
3.14399,0.00437649
3.14362,0.00430379
3.14374,0.00422019
3.14353,0.00414343
3.1432,0.0040776
3.14318,0.00400142
3.14287,0.00394097
3.14273,0.00387224
3.14255,0.00380807
3.14248,0.00374249
3.14279,0.0036916
3.14205,0.00370428
3.14254,0.00367617
3.14235,0.0036216
3.14232,0.0035638
3.14216,0.00351113
3.14182,0.00347328
3.14155,0.00343115
3.14131,0.00338791
3.14133,0.00333779
3.14159,0.00329894
3.14168,0.00325266
3.14172,0.0032068
3.14175,0.00316211
3.14229,0.00316579
3.14235,0.00312323
3.14175,0.00313963
3.14155,0.00310426
3.14159,0.00306385
3.14146,0.00302695
3.14143,0.00298854
3.14168,0.00296152
3.14179,0.00292692
3.14182,0.00289113
3.14194,0.00285877
3.14165,0.00283999
3.14196,0.00282386
3.14216,0.0027978
3.14248,0.00278418
3.14214,0.00277289
3.14263,0.0027842
3.1429,0.00276645
3.14272,0.00274157
3.14315,0.00274531
3.14353,0.002741
3.14309,0.00274645
3.14322,0.00272069
3.14369,0.0027321
3.14438,0.00278956
3.14452,0.00276461
3.14456,0.00273691
3.14434,0.00271832
