29187.9
23220.2
20487.8
17812.3
16092.2
14247.1
12706
12032.5
11392.8
10518.8
9884.59
9541.92
9122.94
8845.33
8642.47
8085.35
7873.26
7757.11
7689.15
7268.05
7200.09
7159.35
6318.53
6254.71
6168.58
5975.28
5963.64
5855.83
5817.32
5735.78
5697.27
5638.5
5568.51
5535.38
5526.9
5486.36
5386.21
5364.33
5335.41
5248.78
5209.16
5151.07
5062.49
5045.28
4987.92
4987.16
4987.16
4983.98
4983.98
4941.85
4932.52
4868.37
4801.94
4799.9
4792.45
4785.16
4776.15
4776.15
4774.71
4770.91
4770.91
4769.62
4767.09
4767.09
4737.76
4735.24
4733.94
4733.94
4726
4726
4726
4719.87
4719.87
4719.87
4719.87
4718.68
4718.68
4718.68
4714.58
4714.58
4714.58
4714.58
4698.85
4686.94
4686.94
4678.12
4674.11
4674.01
4648.25
4642.58
4642.58
4642.58
4642.58
4642.58
4642.58
4642.58
4612.58
4612.58
4612.58
4612.58
4612.58
4598.32
4598.32
4598.32
4598.32
4598.32
4598.32
4598.32
4598.32
4598.32
4598.32
4598.32
4598.32
4598.32
4598.32
4598.32
4598.32
4598.32
4598.32
4598.32
4598.32
4598.32
4598.32
4598.32
4598.32
4598.32
4598.32
4598.32
4598.32
4598.32
4598.32
4598.32
4598.32
4598.32
4598.32
4598.32
4598.32
4598.32
4598.32
4598.32
4598.32
4598.32
4598.32
4598.32
4598.32
4598.32
4598.32
4598.32
4598.32
4598.32
4598.32
4598.32
4598.32
4598.32
4598.32
4598.32
4598.32
4598.32
4598.32
4598.32
4598.32
4598.32
4598.32
4598.32
4598.32
4598.32
4598.32
4598.32
4598.32
4598.32
4598.32
4598.32
4598.32
4598.32
4598.32
4598.32
4598.32
4598.32
4598.32
4598.32
4598.32
4598.32
4598.32
4598.32
4598.32
4598.32
4598.32
4598.32
4598.32
4598.32
4598.32
4598.32
4598.32
4598.32
4598.32
4598.32
4598.32
4598.32
4598.32
4598.32
4598.32
