28484.9
20254.3
17113.3
15604.6
13222.3
12339.1
11568.5
10981.7
10279.8
9994.01
9536.4
9165.29
8970.92
8547.65
8273.76
7825.83
7232.39
6979.57
6927.13
6645.83
6524.88
6412.67
6318.53
6254.71
6197.94
6138.98
5643.4
5627.62
5620.87
5496.41
5442.13
5405.68
5362.49
5337.85
5235.56
5226.27
5191.64
5128.91
5111.35
5087.53
5066.19
5062.49
5054.07
5036.86
5032.74
5031.22
5015.53
5015.53
5014.77
4982.92
4980.87
4980.87
4969.29
4936.73
4910.12
4898.97
4889.96
4887.06
4878.05
4867.22
4867.22
4865.92
4768.49
4768.49
4768.49
4767.88
4767.88
4767.88
4767.88
4767.88
4767.88
4767.88
4736.02
4736.02
4736.02
4734.83
4729.05
4729.05
4718.91
4718.91
4718.91
4718.91
4698.85
4686.94
4662.98
4657.07
4651.07
4648.78
4648.25
4648.25
4648.25
4648.25
4648.25
4648.25
4648.25
4648.25
4631.97
4631.97
4631.97
4631.97
4631.97
4631.97
4598.32
4598.32
4598.32
4598.32
4598.32
4598.32
4598.32
4598.32
4598.32
4598.32
4598.32
4598.32
4598.32
4598.32
4598.32
4598.32
4598.32
4598.32
4598.32
4598.32
4598.32
4598.32
4598.32
4598.32
4598.32
4598.32
4598.32
4598.32
4598.32
4598.32
4598.32
4598.32
4598.32
4598.32
4598.32
4598.32
4598.32
4598.32
4598.32
4598.32
4598.32
4598.32
4598.32
4598.32
4598.32
4598.32
4598.32
4598.32
4598.32
4598.32
4598.32
4598.32
4598.32
4598.32
4598.32
4598.32
4598.32
4598.32
4598.32
4598.32
4598.32
4598.32
4598.32
4598.32
4598.32
4598.32
4598.32
4598.32
4598.32
4598.32
4598.32
4598.32
4598.32
4598.32
4598.32
4598.32
4598.32
4598.32
4598.32
4598.32
4598.32
4598.32
4598.32
4598.32
4598.32
4598.32
4598.32
4598.32
4598.32
4598.32
4598.32
4598.32
4598.32
4598.32
4598.32
4598.32
4598.32
4598.32
4598.32
