29467.3
21982.2
18849.2
15033.6
14525.2
13209.6
12557.7
11864.2
10971.6
10202.9
9756.65
8816.31
8400.06
7998.2
7846.9
7600.99
7562.75
7209.29
6967.72
6640.21
6614.2
6551.57
6318.53
6254.71
6168.58
5975.28
5963.64
5855.83
5817.32
5731.24
5663.72
5652.85
5514.81
5506.62
5461.36
5433.23
5387.97
5267.92
5253.43
5163.88
5128.29
5105.28
5062.49
5043.81
5013.97
5013.97
5013.97
4984.48
4984.48
4983.73
4982.44
4930.45
4927.13
4927.13
4921.34
4898.58
4896.44
4896.44
4892.26
4892.26
4882.93
4856.74
4768.49
4768.49
4768.49
4767.88
4767.88
4767.88
4767.88
4767.88
4767.88
4767.88
4736.02
4736.02
4736.02
4734.83
4729.05
4729.05
4711.57
4711.57
4708.19
4698.85
4696.27
4686.94
4686.94
4682.93
4682.93
4682.93
4657.07
4651.39
4651.39
4649.64
4649.64
4649.64
4649.11
4649.11
4619.11
4619.11
4619.11
4619.11
4619.11
4619.11
4598.32
4598.32
4598.32
4598.32
4598.32
4598.32
4598.32
4598.32
4598.32
4598.32
4598.32
4598.32
4598.32
4598.32
4598.32
4598.32
4598.32
4598.32
4598.32
4598.32
4598.32
4598.32
4598.32
4598.32
4598.32
4598.32
4598.32
4598.32
4598.32
4598.32
4598.32
4598.32
4598.32
4598.32
4598.32
4598.32
4598.32
4598.32
4598.32
4598.32
4598.32
4598.32
4598.32
4598.32
4598.32
4598.32
4598.32
4598.32
4598.32
4598.32
4598.32
4598.32
4598.32
4598.32
4598.32
4598.32
4598.32
4598.32
4598.32
4598.32
4598.32
4598.32
4598.32
4598.32
4598.32
4598.32
4598.32
4598.32
4598.32
4598.32
4598.32
4598.32
4598.32
4598.32
4598.32
4598.32
4598.32
4598.32
4598.32
4598.32
4598.32
4598.32
4598.32
4598.32
4598.32
4598.32
4598.32
4598.32
4598.32
4598.32
4598.32
4598.32
4598.32
4598.32
4598.32
4598.32
4598.32
4598.32
4598.32
