33081.6
23330.5
20595.3
18447.8
15910.5
13470
12029
11611.5
10501.2
10121.7
9394.69
9130.65
8736.66
8380.42
8096.17
7768.83
7410.95
7237.93
7144.38
6944.4
6736.37
6606.63
6318.53
6254.71
6168.58
5983.33
5870.8
5495.47
5465.3
5432.81
5406.36
5341.94
5302.8
5278.97
5256.66
5253.83
5228.93
5228.93
5192.58
5184.02
5171.7
5128.07
5005.13
4987.92
4984.74
4983.98
4974.64
4973.2
4973.2
4931.07
4929.03
4862.6
4859.94
4859.94
4855.79
4826.91
4817.9
4817.9
4816.76
4816.61
4816.61
4815.47
4768.49
4768.49
4742.52
4736.64
4736.64
4736.64
4732.82
4732.82
4722.22
4722.22
4722.22
4722.22
4722.22
4721.03
4721.03
4721.03
4716.93
4716.93
4714.58
4714.58
4698.85
4690.03
4678.12
4678.12
4678.12
4674.01
4674.01
4674.01
4648.25
4642.58
4642.58
4642.58
4642.58
4642.58
4612.58
4612.58
4612.58
4612.58
4612.58
4612.58
4598.32
4598.32
4598.32
4598.32
4598.32
4598.32
4598.32
4598.32
4598.32
4598.32
4598.32
4598.32
4598.32
4598.32
4598.32
4598.32
4598.32
4598.32
4598.32
4598.32
4598.32
4598.32
4598.32
4598.32
4598.32
4598.32
4598.32
4598.32
4598.32
4598.32
4598.32
4598.32
4598.32
4598.32
4598.32
4598.32
4598.32
4598.32
4598.32
4598.32
4598.32
4598.32
4598.32
4598.32
4598.32
4598.32
4598.32
4598.32
4598.32
4598.32
4598.32
4598.32
4598.32
4598.32
4598.32
4598.32
4598.32
4598.32
4598.32
4598.32
4598.32
4598.32
4598.32
4598.32
4598.32
4598.32
4598.32
4598.32
4598.32
4598.32
4598.32
4598.32
4598.32
4598.32
4598.32
4598.32
4598.32
4598.32
4598.32
4598.32
4598.32
4598.32
4598.32
4598.32
4598.32
4598.32
4598.32
4598.32
4598.32
4598.32
4598.32
4598.32
4598.32
4598.32
4598.32
4598.32
4598.32
4598.32
4598.32
