0,0
0,0
0,0
0,0
0,0
0,0
0,0
0,0
0,0
0,0
0,0
0,0
0,0
0,0
0,0
0,0
0,0
0,0
0,0
0,0
0,0
0,0
0,0
0,0
0,0
0,0
0,0
0,0
0,0
0,0
0,0
0,0
0,0
0,0
0,0
0,0
0,0
0,0
0,0
0,0
0,0
0,0
0,0
0,0
0,0
0,0
0,0
0,0
0,0
0,0
0,0
0,0
0,0
0,0
0,0
0,0
0,0
0,0
0,0
0,0
0,0
0,0
0,0
0,0
0,0
0,0
0,0
0.0153818,0
2.71991,0
16.3068,0
58.9734,0
173.696,0
394.918,0
829.067,0
1472.04,0
2270.96,0
3222.65,0
4312.33,0
5354.22,0
6382.07,0
7268.52,0
8010.39,0
8456.17,0
8934.03,0
9425.32,0
9357.57,0
9450.2,0
9543.73,0
9505.23,0
9272.07,0
9123.63,0
9046,0
8829.14,0
8579.95,0
8371.25,0
8162.38,0
7976.61,0
7725.54,0
7467.25,0
7365.62,0
7164.59,0
7000.42,0
6827.59,0
6759.13,0
6592.37,0
6430.07,0
6277.58,0
6140.08,0
6155.46,0
5978.27,0
5867.99,0
5837.35,0
5719.86,0
5602.72,0
5566.17,0
5498.81,0
5415.6,0
5373.81,0
5248.39,0
5265.2,0
5246.19,0
5161.16,0
5128.61,0
5082.43,0
5030.56,0
5035.67,0
4991.42,0
4943.89,0
4897.22,0
4906.29,0
4875.89,0
4865.25,0
4820.9,0
4813.59,0
4803.73,0
4773.56,0
4775.59,0
4744.31,0
4765.55,0
4743.47,0
4709.93,0
4709.03,0
4716.55,0
4721.64,0
4698.65,0
4690.69,0
4668.71,0
4686.55,0
4656.76,0
4648.02,0
4681.45,0
4622,0
4664.62,0
4651.75,0
4652.91,0
4675.91,0
4698.25,0
4615.88,0
4661.48,0
4648.58,0
4659.2,0
4637.73,0
4643.91,0
4673.89,0
4654.94,0
4635.89,0
4664.49,0
4636.98,0
4629.58,0
4666.87,0
4660.07,0
4638.59,0
4671.06,0
4654.45,0
4670.64,0
4640.2,0
4619.85,0
4603.79,0
4645.71,0
4626.06,0
4621.44,0
4601.54,0
4596.68,0
4595.54,0
4607.67,0
4617.67,0
4578.52,0
4580.27,0
4588.78,0
4587.4,0
4579.99,0
4594.91,0
4578.44,0
4590.3,0
4554.89,0
4557.29,0
4577.5,0
4557.4,0
4563.36,0
4560.19,0
4536.45,0
4545.92,0
4537.51,0
4588.22,0
4570.89,0
4545.3,0
4522.04,0
4536.92,0
4545,0
4530.09,0
4542.61,0
4524.54,0
4543.3,0
4551.11,0
4526.35,0
4533.89,0
4508.27,0
4529.32,0
4511.16,0
4511.92,0
4538.74,0
4505.2,0
4532.66,0
4527.96,0
4536.07,0
4517.7,0
4529.89,0
4526.66,0
4533.81,0
4514.23,0
4498.57,0
4528.74,0
4527.53,0
4518.16,0
4516.86,0
4510.49,0
4515.67,0
4493.57,0
4527.71,0
4504.06,0
4505.6,0
4539.44,0
4502.36,0
4512.67,0
4508.84,0
4497.9,0
4482.13,0
4510.02,0
4500.3,0
4500.16,0
4503.76,0
4545.89,0
4512.15,0
4517.51,0
4493,0
4532.66,0
4528.33,0
4496.09,0
4516.98,0
4517.31,0
4512.7,0
4511.87,0
4532.22,0
4522.28,0
4517.6,0
4516.5,0
4507.4,0
4507.62,0
4515.1,0
4510.35,0
4509.99,0
4517.79,0
4495.61,0
4514.56,0
4503.47,0
4519.16,0
4512.99,0
4508.38,0
4512.9,0
4504.1,0
4516.2,0
4518.48,0
4502.37,0
4506.88,0
4514.44,0
4495.78,0
4509.13,0
4531.21,0
4504.61,0
4520.68,0
4490.63,0
4523.09,0
4532.39,0
4520.22,0
4527.06,0
4514.53,0
4525.48,0
4502.26,0
4507.44,0
4508.28,0
4525.44,0
4518.98,0
4528.34,0
4504.08,0
4522.3,0
4505.22,0
4523.26,0
4512.4,0
4516.75,0
4517.11,0
4531.31,0
4510.41,0
4516.58,0
4514.35,0
4522.15,0
4515.36,0
4517.78,0
4528.1,0
4516.65,0
4499.58,0
4531.06,0
4516.02,0
4521.12,0
4511.44,0
4532.2,0
4517.14,0
4541.58,0
4520.94,0
4544.31,0
4532.48,0
4531.65,0
4507.68,0
4514.94,0
4532.56,0
4518.82,0
4519.83,0
4521.59,0
4530.43,0
4522.99,0
4525.9,0
4544.6,0
4538.78,0
4528.19,0
4531.52,0
4539.67,0
4535.37,0
4534.41,0
4525.68,0
4516.58,0
4521.56,0
4529.11,0
4512.86,0
4524.88,0
4541.36,0
4539.07,0
4530.93,0
4532.43,0
4541.37,0
4553.65,0
4547.31,0
4533.47,0
4536.25,0
4532.84,0
4555.91,0
4541.19,0
4540.57,0
4531.61,0
4539.62,0
4526.45,0
4525.51,0
4534.99,0
4532.86,0
4531.53,0
4550.53,0
4540.21,0
4534.73,0
4527.78,0
4527.69,0
4546.16,0
4546.45,0
4540.05,0
4536.04,0
4553.27,0
4540,0
4545.31,0
4560.21,0
4539.92,0
4536.8,0
4541.13,0
4536.82,0
4537.09,0
4528.19,0
4548.02,0
4528.9,0
4549.81,0
4555.61,0
4550.03,0
4552.42,0
4563.32,0
4549.63,0
4561.29,0
4540.03,0
4543.09,0
4540.59,0
4565.45,0
4558.23,0
4554.7,0
4531.23,0
4538.19,0
4560.94,0
4551.84,0
4554.63,0
4547.63,0
4563.44,0
4549.03,0
4543.31,0
4564.58,0
4555.06,0
4558.38,0
4563.33,0
4573.71,0
4563.27,0
4553.65,0
4565.62,0
4556.42,0
4559.99,0
4559.06,0
4560.95,0
4565.86,0
4561.18,0
4563.45,0
4550.31,0
4559.98,0
4560.36,0
4561.32,0
4565.45,0
4575.94,0
4581.48,0
4571.85,0
4562.53,0
4568.71,0
4561.88,0
4572.95,0
4565.53,0
4571.61,0
4571.2,0
4580.42,0
4581.79,0
4566.17,0
4570.93,0
4565.7,0
4574.12,0
4573.3,0
4570.43,0
4578.07,0
4580.31,0
4573.86,0
4566.53,0
4568.8,0
4580.73,0
4575.45,0
4564.96,0
4569.42,0
4586.08,0
4571.67,0
4579.82,0
4580.09,0
4568.4,0
4578.08,0
4586.74,0
4576.13,0
4573.51,0
4565.4,0
4583.96,0
4576.16,0
4579.85,0
4587.41,0
4585.96,0
4577.63,0
4583.98,0
4584.86,0
4586.05,0
4585.35,0
4581.82,0
4564.69,0
4585.98,0
4584.82,0
4581.16,0
4578.9,0
4587.66,0
4575.3,0
4587.54,0
4583.35,0
4596.63,0
4584.02,0
4598.46,0
4582.78,0
4582.02,0
4587.88,0
4587.88,0
