0,23220.2
1,21796.4
2,19750.1
3,16487.1
4,15847.6
5,15118
6,14540.8
7,14059.9
8,13476.2
9,12884.8
10,11799.5
11,11645.6
12,11232
13,11084
14,10644.2
15,10264.2
16,10264.2
17,9881.44
18,9610.81
19,9356.92
20,8856.16
21,8728.25
22,8250.12
23,8098.69
24,7918.33
25,7843.81
26,7686.26
27,7583.26
28,7357.08
29,7221.39
30,7077.41
31,6935.44
32,6898.81
33,6776.9
34,6598.83
35,6312.88
36,6272.97
37,6185.28
38,6185.28
39,6182.58
40,6175.21
41,6172.51
42,6104.81
43,6102.12
44,6064.96
45,6020.22
46,6020.22
47,6020.22
48,5916.15
49,5829.46
50,5829.46
51,5811.42
52,5757.44
53,5729.78
54,5729.78
55,5725.04
56,5719.26
57,5677.15
58,5677.15
59,5673.95
60,5657.66
61,5626.37
62,5462.05
63,5402.59
64,5381.31
65,5362.73
66,5362.73
67,5362.73
68,5360.08
69,5340.14
70,5335.69
71,5335.69
72,5335.69
73,5335.69
74,5334.55
75,5296.32
76,5290.83
77,5218.29
78,5179.81
79,5174.76
80,5174.76
81,5174.76
82,5106.08
83,5106.08
84,5077.62
85,5077.62
86,5010.16
87,5003.32
88,4996.35
89,4975.8
90,4975.8
91,4975.8
92,4972.12
93,4971.08
94,4958.82
95,4934.89
96,4934.89
97,4918.45
98,4918.45
99,4918.45
100,4904.42
101,4904.42
102,4904.42
103,4904.42
104,4904.42
105,4902
106,4902
107,4866.06
108,4866.06
109,4866.06
110,4866.06
111,4866.06
112,4866.06
113,4866.06
114,4866.06
115,4866.06
116,4866.06
117,4866.06
118,4866.06
119,4866.06
120,4866.06
121,4866.06
122,4866.06
123,4866.06
124,4866.06
125,4866.06
126,4866.06
127,4866.06
128,4866.06
129,4866.06
130,4866.06
131,4866.06
132,4866.06
133,4866.06
134,4866.06
135,4866.06
136,4866.06
137,4866.06
138,4866.06
139,4866.06
140,4866.06
141,4866.06
142,4866.06
143,4866.06
144,4866.06
145,4866.06
146,4866.06
147,4866.06
148,4866.06
149,4866.06
150,4866.06
151,4866.06
152,4866.06
153,4866.06
154,4866.06
155,4866.06
156,4866.06
157,4866.06
158,4866.06
159,4866.06
160,4866.06
161,4866.06
162,4848.99
163,4848.99
164,4848.99
165,4848.99
166,4837.61
167,4837.61
168,4837.61
169,4837.61
170,4837.61
171,4837.61
172,4837.61
173,4837.61
174,4837.61
175,4837.61
176,4837.61
177,4837.61
178,4837.61
179,4829.96
180,4800.36
181,4800.36
182,4800.36
183,4800.36
184,4800.36
185,4800.36
186,4800.36
187,4800.36
188,4800.36
189,4800.36
190,4800.36
191,4800.36
192,4788.8
193,4788.8
194,4788.8
195,4788.8
196,4788.8
197,4788.8
198,4788.8
199,4743.09
200,4743.09
201,4743.09
202,4743.09
203,4743.09
204,4743.09
205,4743.09
206,4743.09
207,4743.09
208,4743.09
209,4743.09
210,4743.09
211,4727.68
212,4718.35
213,4718.35
214,4718.35
215,4718.35
216,4718.35
217,4718.35
218,4718.35
219,4718.35
220,4718.35
221,4718.35
222,4718.35
223,4718.35
224,4718.35
225,4718.35
226,4718.35
227,4718.35
228,4718.35
229,4718.35
230,4718.35
231,4718.35
232,4718.35
233,4718.35
234,4718.35
235,4718.35
236,4718.35
237,4718.35
238,4718.35
239,4718.35
240,4718.35
241,4718.35
242,4718.35
243,4718.35
244,4718.35
245,4718.35
246,4718.35
247,4718.35
248,4718.35
249,4718.35
250,4718.35
251,4718.35
252,4718.35
253,4718.35
254,4718.35
255,4718.35
256,4718.35
257,4718.35
258,4718.35
259,4718.35
260,4718.35
261,4718.35
262,4718.35
263,4718.35
264,4718.35
265,4718.35
266,4718.35
267,4718.35
268,4718.35
269,4718.35
270,4718.35
271,4718.35
272,4718.35
273,4718.35
274,4718.35
275,4718.35
276,4718.35
277,4718.35
278,4718.35
279,4718.35
280,4718.35
281,4716.52
282,4716.52
283,4716.52
284,4716.52
285,4716.52
286,4716.52
287,4716.52
288,4716.52
289,4716.52
290,4716.52
291,4716.52
292,4716.52
293,4716.52
294,4716.52
295,4716.52
296,4716.52
297,4716.52
298,4716.52
299,4716.52
300,4716.52
301,4716.52
302,4716.52
303,4716.52
304,4716.52
305,4716.52
306,4716.52
307,4702.74
308,4702.74
309,4702.74
310,4702.74
311,4702.74
312,4702.74
313,4702.74
314,4702.74
315,4702.74
316,4702.74
317,4702.74
318,4702.74
319,4702.74
320,4702.74
321,4702.74
322,4702.74
323,4702.74
324,4701.18
325,4701.18
326,4694.84
327,4694.84
328,4694.84
329,4694.84
330,4659.91
331,4659.91
332,4659.91
333,4659.91
334,4659.91
335,4659.91
336,4659.91
337,4659.91
338,4659.91
339,4659.91
340,4659.91
341,4659.91
342,4659.91
343,4659.91
344,4659.91
345,4659.91
346,4659.91
347,4659.91
348,4659.91
349,4659.91
350,4659.91
351,4659.91
352,4659.91
353,4659.91
354,4659.91
355,4659.91
356,4659.91
357,4659.91
358,4659.91
359,4659.91
360,4659.91
361,4659.91
362,4659.91
363,4659.91
364,4659.91
365,4659.91
366,4659.91
367,4659.91
368,4659.91
369,4659.91
370,4659.91
371,4659.91
372,4659.91
373,4659.91
374,4659.91
375,4659.91
376,4659.91
377,4659.91
378,4659.91
379,4659.91
380,4659.91
381,4659.91
382,4659.91
383,4659.91
384,4659.91
385,4659.91
386,4659.91
387,4659.91
388,4659.91
389,4659.91
390,4659.91
391,4659.91
392,4659.91
393,4659.91
394,4659.91
395,4659.91
396,4659.91
397,4659.91
398,4659.91
399,4659.91
400,4659.91
401,4659.91
402,4659.91
403,4659.91
404,4659.91
405,4659.91
406,4659.91
407,4659.91
408,4659.91
409,4659.91
410,4659.91
411,4659.91
412,4659.91
413,4659.91
414,4659.91
415,4659.91
416,4659.91
417,4659.91
418,4659.91
419,4659.91
420,4659.91
421,4659.91
422,4659.91
423,4659.91
424,4659.91
425,4659.91
426,4659.91
427,4659.91
428,4659.91
429,4659.91
430,4659.91
431,4659.91
432,4659.91
433,4659.91
434,4659.91
435,4659.91
436,4659.91
437,4659.91
438,4659.91
439,4659.91
440,4659.91
441,4659.91
442,4659.91
443,4659.91
444,4659.91
445,4659.91
446,4650.24
447,4650.24
448,4650.24
449,4650.24
450,4650.24
451,4650.24
452,4650.24
453,4650.24
454,4647.89
455,4647.89
456,4647.89
457,4647.89
458,4647.89
459,4647.89
460,4647.89
461,4647.89
462,4647.89
463,4647.89
464,4647.89
465,4647.89
466,4647.89
467,4647.89
468,4647.89
469,4647.89
470,4647.89
471,4647.89
472,4647.89
473,4647.89
474,4647.89
475,4647.89
476,4647.89
477,4647.89
478,4647.89
479,4647.89
480,4647.89
481,4647.89
482,4647.89
483,4647.89
484,4647.89
485,4647.89
486,4647.89
487,4647.89
488,4647.89
489,4647.89
490,4647.89
491,4647.89
492,4647.89
493,4647.89
494,4647.89
495,4647.89
496,4647.89
497,4647.89
498,4647.89
499,4647.89
500,4647.89
501,4647.89
502,4647.89
503,4647.89
504,4647.89
505,4647.89
506,4647.89
507,4647.89
508,4647.89
509,4647.89
510,4647.89
511,4647.89
512,4647.89
513,4647.89
514,4647.89
515,4647.89
516,4647.89
517,4647.89
518,4647.89
519,4647.89
520,4647.89
521,4647.89
522,4647.89
523,4647.89
524,4647.89
525,4647.89
526,4647.89
527,4647.89
528,4647.89
529,4647.89
530,4647.89
531,4647.89
532,4647.89
533,4647.89
534,4647.89
535,4647.89
536,4647.89
537,4647.89
538,4647.89
539,4647.89
540,4647.89
541,4647.89
542,4647.89
543,4647.89
544,4647.89
545,4647.89
546,4647.89
547,4647.89
548,4647.89
549,4647.89
550,4647.89
551,4647.89
552,4647.89
553,4647.89
554,4647.89
555,4647.89
556,4647.89
557,4647.89
558,4647.89
559,4647.89
560,4647.89
561,4647.89
562,4647.89
563,4647.89
564,4647.89
565,4647.89
566,4647.89
567,4647.89
568,4647.89
569,4647.89
570,4647.89
571,4647.89
572,4647.89
573,4647.89
574,4647.89
575,4647.89
576,4647.89
577,4647.89
578,4647.89
579,4647.89
580,4647.89
581,4647.89
582,4647.89
583,4647.89
584,4647.89
585,4647.89
586,4647.89
587,4647.89
588,4647.89
589,4647.89
590,4647.89
591,4647.89
592,4647.89
593,4647.89
594,4647.89
595,4647.89
596,4647.89
597,4647.89
598,4647.89
599,4647.89
600,4647.89
601,4647.89
602,4647.89
603,4647.89
604,4647.89
605,4647.89
606,4647.89
607,4647.89
608,4647.89
609,4647.89
610,4647.89
611,4647.89
612,4647.89
613,4647.89
614,4647.89
615,4647.89
616,4647.89
617,4647.89
618,4647.89
619,4647.89
620,4647.89
621,4647.89
622,4647.89
623,4647.89
624,4647.89
625,4647.89
626,4647.89
627,4647.89
628,4647.89
629,4647.89
630,4647.89
631,4647.89
632,4647.89
633,4647.89
634,4647.89
635,4647.89
636,4647.89
637,4647.89
638,4647.89
639,4647.89
640,4647.89
641,4647.89
642,4647.89
643,4647.89
644,4647.89
645,4647.89
646,4647.89
647,4647.89
648,4647.89
649,4647.89
650,4647.89
651,4647.89
652,4647.89
653,4647.89
654,4647.89
655,4647.89
656,4647.89
657,4647.89
658,4647.89
659,4647.89
660,4647.89
661,4647.89
662,4647.89
663,4647.89
664,4647.89
665,4647.89
666,4647.89
667,4647.89
668,4647.89
669,4647.89
670,4647.89
671,4647.89
672,4647.89
673,4647.89
674,4647.89
675,4647.89
676,4647.89
677,4647.89
678,4647.89
679,4647.89
680,4647.89
681,4647.89
682,4647.89
683,4647.89
684,4647.89
685,4647.89
686,4647.89
687,4647.89
688,4647.89
689,4647.89
690,4647.89
691,4647.89
692,4647.89
693,4647.89
694,4647.89
695,4647.89
696,4647.89
697,4647.89
698,4647.89
699,4647.89
700,4647.89
701,4647.89
702,4647.89
703,4647.89
704,4647.89
705,4647.89
706,4647.89
707,4647.89
708,4647.89
709,4647.89
710,4647.89
711,4647.89
712,4647.89
713,4647.89
714,4647.89
715,4647.89
716,4647.89
717,4647.89
718,4647.89
719,4647.89
720,4647.89
721,4647.89
722,4647.89
723,4647.89
724,4647.89
725,4647.89
726,4647.89
727,4647.89
728,4647.89
729,4647.89
730,4647.89
731,4647.89
732,4647.89
733,4647.89
734,4647.89
735,4647.89
736,4647.89
737,4647.89
738,4647.89
739,4647.89
740,4647.89
741,4647.89
742,4647.89
743,4647.89
744,4647.89
745,4647.89
746,4647.89
747,4647.89
748,4647.89
749,4647.89
750,4647.89
751,4647.89
752,4647.89
753,4647.89
754,4647.89
755,4647.89
756,4647.89
757,4647.89
758,4647.89
759,4647.89
760,4647.89
761,4647.89
762,4647.89
763,4647.89
764,4647.89
765,4647.89
766,4647.89
767,4647.89
768,4647.89
769,4647.89
770,4647.89
771,4647.89
772,4647.89
773,4647.89
774,4647.89
775,4647.89
776,4647.89
777,4647.89
778,4647.89
779,4647.89
780,4647.89
781,4647.89
782,4647.89
783,4647.89
784,4647.89
785,4647.89
786,4647.89
787,4647.89
788,4647.89
789,4647.89
790,4647.89
791,4647.89
792,4647.89
793,4647.89
794,4647.89
795,4647.89
796,4647.89
797,4647.89
798,4647.89
799,4647.89
800,4647.89
801,4647.89
802,4647.89
803,4647.89
804,4647.89
805,4647.89
806,4647.89
807,4647.89
808,4647.89
809,4647.89
810,4647.89
811,4647.89
812,4647.89
813,4647.89
814,4647.89
815,4647.89
816,4647.89
817,4647.89
818,4647.89
819,4647.89
820,4647.89
821,4647.89
822,4647.89
823,4647.89
824,4647.89
825,4647.89
826,4647.89
827,4647.89
828,4647.89
829,4647.89
830,4647.89
831,4647.89
832,4647.89
833,4647.89
834,4647.89
835,4647.89
836,4647.89
837,4647.89
838,4647.89
839,4647.89
840,4647.89
841,4647.89
842,4647.89
843,4647.89
844,4647.89
845,4647.89
846,4647.89
847,4647.89
848,4647.89
849,4647.89
850,4647.89
851,4647.89
852,4647.89
853,4647.89
854,4647.89
855,4647.89
856,4647.89
857,4647.89
858,4647.89
859,4647.89
860,4647.89
861,4647.89
862,4647.89
863,4647.89
864,4647.89
865,4647.89
866,4647.89
867,4647.89
868,4647.89
869,4647.89
870,4647.89
871,4647.89
872,4647.89
873,4647.89
874,4647.89
875,4647.89
876,4647.89
877,4647.89
878,4647.89
879,4647.89
880,4647.89
881,4647.89
882,4647.89
883,4647.89
884,4647.89
885,4647.89
886,4629.46
887,4623.32
888,4623.32
889,4623.32
890,4623.32
891,4623.32
892,4623.32
893,4623.32
894,4623.32
895,4623.32
896,4623.32
897,4623.32
898,4623.32
899,4623.32
900,4623.32
901,4623.32
902,4623.32
903,4623.32
904,4623.32
905,4623.32
906,4623.32
907,4623.32
908,4623.32
909,4623.32
910,4623.32
911,4615.42
912,4603.79
913,4603.79
914,4603.79
915,4603.79
916,4603.79
917,4603.79
918,4603.79
919,4603.79
920,4603.79
921,4603.79
922,4603.79
923,4603.79
924,4603.79
925,4603.79
926,4603.79
927,4603.79
928,4603.79
929,4603.79
930,4603.79
931,4603.79
932,4603.79
933,4603.79
934,4603.79
935,4603.79
936,4603.79
937,4603.79
938,4603.79
939,4603.79
940,4603.79
941,4603.79
942,4603.79
943,4603.79
944,4603.79
945,4603.79
946,4603.79
947,4603.79
948,4603.79
949,4603.79
950,4603.79
951,4603.79
952,4603.79
953,4603.79
954,4603.79
955,4603.79
956,4603.79
957,4603.79
958,4603.79
959,4603.79
960,4603.79
961,4603.79
962,4603.79
963,4603.79
964,4603.79
965,4603.79
966,4603.79
967,4603.79
968,4603.79
969,4603.79
970,4603.79
971,4603.79
972,4603.79
973,4603.79
974,4603.79
975,4603.79
976,4603.79
977,4603.79
978,4603.79
979,4603.79
980,4603.79
981,4603.79
982,4603.79
983,4603.79
984,4603.79
985,4603.79
986,4603.79
987,4603.79
988,4603.79
989,4603.79
990,4603.79
991,4603.79
992,4603.79
993,4603.79
994,4603.79
995,4603.79
996,4603.79
997,4603.79
998,4603.79
999,4603.79
