1       -0.52
2       -0.68
3       -0.36
4       -0.44
5       -0.36
6       -0.44
7       -0.28
8       -0.44
9       -0.36
10       -0.44
11       -0.52
12       -0.52
13       -0.68
14       -0.68
15       -0.52
16       -0.44
17        -0.6
18       -0.52
19       -0.52
20       -0.76
21       -0.84
22       -0.76
23       -0.52
24       -0.36
25       -0.28
26       -0.44
27        -0.6
28       -0.28
29       -0.28
30       -0.28
31       -0.68
32       -0.76
33       -0.52
34       -0.52
35       -0.28
36       -0.36
37       -0.52
38       -0.36
39       -0.44
40       -0.44
41        -0.6
42       -0.44
43        -0.6
44       -0.12
45       -0.44
46        -0.6
47       -0.68
48       -0.52
49       -0.44
50        -0.2
51       -0.36
52       -0.36
53       -0.44
54       -0.44
55       -0.52
56       -0.44
57       -0.44
58       -0.36
59        -0.6
60       -0.52
61        -0.6
62        -0.6
63        -0.6
64       -0.44
65       -0.44
66       -0.52
67       -0.52
68       -0.36
69       -0.44
70       -0.68
71        -0.6
72       -0.28
73        -0.6
74        -0.6
75       -0.52
76       -0.52
77       -0.52
78       -0.52
79       -0.28
80       -0.36
81       -0.52
82       -0.52
83       -0.52
84       -0.52
85       -0.12
86       -0.28
87       -0.44
88       -0.44
89       -0.52
90        -0.6
91        -0.6
92       -0.68
93        -0.6
94       -0.44
95       -0.52
96       -0.44
97       -0.44
98       -0.52
99       -0.28
100       -0.44
101       -0.28
102       -0.28
103       -0.52
104        -0.6
105       -0.52
106       -0.44
107        -0.6
108       -0.52
109       -0.52
110       -0.36
111        -0.2
112        -0.6
113        -0.6
114       -0.36
115       -0.52
116       -0.44
117       -0.52
118        -0.6
119       -0.44
120       -0.52
121        -0.2
122       -0.44
123       -0.44
124       -0.52
125        -0.6
126       -0.36
127       -0.52
128       -0.44
129       -0.52
130       -0.52
131        -0.6
132       -0.44
133       -0.44
134       -0.52
135       -0.52
136       -0.28
137        -0.6
138       -0.44
139       -0.68
140       -0.36
141       -0.44
142        -0.2
143        -0.2
144       -0.44
145       -0.36
146       -0.36
147       -0.36
148       -0.52
149       -0.36
150       -0.52
151       -0.36
152       -0.52
153       -0.52
154       -0.36
155       -0.52
156       -0.44
157       -0.52
158        -0.6
159       -0.52
160        -0.6
161        -0.6
162       -0.28
163       -0.36
164       -0.52
165       -0.44
166       -0.36
167       -0.28
168        -0.6
169        -0.6
170       -0.36
171        -0.2
172       -0.36
173       -0.44
174       -0.44
175       -0.44
176       -0.44
177       -0.44
178       -0.44
179        -0.6
180       -0.52
181       -0.28
182       -0.44
183       -0.52
184       -0.52
185       -0.52
186       -0.44
187       -0.44
188       -0.28
189       -0.44
190       -0.52
191       -0.44
192       -0.44
193       -0.28
194       -0.36
195       -0.28
196        -0.2
197       -0.44
198       -0.36
199        -0.6
200       -0.52
201       -0.36
202       -0.44
203       -0.52
204       -0.52
205       -0.52
206       -0.36
207        -0.6
208       -0.44
209       -0.44
210       -0.44
211       -0.52
212        -0.6
213        -0.6
214        -0.6
215       -0.44
216       -0.52
217       -0.28
218       -0.52
219       -0.52
220       -0.52
221       -0.36
222       -0.36
223       -0.44
224        -0.6
225       -0.52
226       -0.68
227       -0.52
228       -0.44
229       -0.52
230       -0.44
231       -0.44
232       -0.52
233        -0.6
234        -0.6
235        -0.6
236       -0.36
237       -0.44
238       -0.36
239       -0.44
240        -0.6
241       -0.36
242       -0.68
243       -0.44
244       -0.28
245       -0.36
246       -0.44
247       -0.52
248       -0.44
249       -0.68
250       -0.52
251        -0.6
252       -0.36
253       -0.44
254       -0.36
255       -0.52
256        -0.6
257       -0.52
258       -0.44
259       -0.36
260       -0.44
261       -0.36
262        -0.6
263        -0.6
264       -0.12
265       -0.36
266        -0.2
267       -0.28
268       -0.44
269       -0.28
270       -0.52
271       -0.36
272       -0.36
273       -0.52
274       -0.52
275       -0.44
276       -0.52
277       -0.44
278       -0.52
279       -0.44
280       -0.68
281        -0.6
282       -0.44
283       -0.36
284       -0.52
285       -0.44
286        -0.6
287        -0.6
288       -0.76
289       -0.68
290       -0.52
291        -0.6
292       -0.44
293       -0.44
294        -0.6
295       -0.52
296       -0.44
297       -0.36
298       -0.44
299        -0.2
300       -0.44
301       -0.44
302       -0.44
303        -0.6
304        -0.6
305       -0.36
306       -0.44
307       -0.68
308        -0.6
309        -0.6
310       -0.44
311       -0.36
312       -0.52
313       -0.68
314       -0.44
315       -0.52
316       -0.44
317       -0.36
318        -0.6
319       -0.36
320       -0.52
321       -0.44
322       -0.52
323       -0.36
324       -0.44
325       -0.52
326       -0.44
327       -0.36
328       -0.44
329       -0.36
330       -0.52
331       -0.44
332       -0.44
333       -0.28
334       -0.28
335       -0.36
336       -0.36
337       -0.36
338       -0.36
339       -0.52
340       -0.44
341       -0.52
342       -0.36
343       -0.28
344       -0.36
345       -0.28
346       -0.28
347        -0.6
348        -0.6
349       -0.28
350       -0.36
351       -0.28
352       -0.44
353       -0.28
354       -0.44
355       -0.44
356       -0.44
357       -0.36
358       -0.28
359       -0.52
360        -0.2
361       -0.28
362       -0.44
363       -0.52
364       -0.52
365       -0.52
366       -0.68
367        -0.6
368       -0.44
369       -0.68
370       -0.44
371       -0.44
372       -0.52
373       -0.68
374       -0.36
375       -0.44
376        -0.6
377       -0.52
378       -0.36
379       -0.28
380       -0.28
381       -0.36
382       -0.36
383        -0.6
384       -0.68
385       -0.36
386       -0.36
387       -0.52
388       -0.44
389       -0.68
390        -0.6
391       -0.52
392       -0.44
393        -0.2
394        -0.6
395       -0.36
396       -0.36
397       -0.36
398       -0.52
399       -0.44
400       -0.52
401       -0.44
402       -0.68
403       -0.44
404        -0.6
405       -0.44
406       -0.36
407       -0.36
408       -0.28
409       -0.52
410       -0.44
411        -0.6
412        -0.6
413       -0.36
414        -0.2
415       -0.28
416       -0.44
417        -0.6
418       -0.44
419       -0.36
420       -0.36
421       -0.28
422       -0.36
423       -0.52
424       -0.44
425       -0.52
426       -0.36
427        -0.6
428        -0.6
429       -0.44
430       -0.44
431       -0.36
432       -0.44
433        -0.6
434       -0.28
435       -0.52
436       -0.28
437       -0.52
438       -0.52
439       -0.28
440       -0.52
441       -0.52
442       -0.52
443       -0.36
444        -0.6
445       -0.36
446       -0.44
447       -0.28
448        -0.2
449        -0.2
450       -0.44
451       -0.68
452       -0.52
453       -0.36
454       -0.36
455       -0.44
456       -0.28
457       -0.36
458       -0.36
459       -0.52
460       -0.52
461       -0.68
462       -0.44
463       -0.36
464        -0.6
465       -0.52
466       -0.36
467       -0.52
468       -0.52
469       -0.52
470        -0.6
471       -0.44
472       -0.36
473        -0.2
474       -0.36
475        -0.2
476       -0.36
477       -0.36
478       -0.36
479       -0.68
480       -0.68
481       -0.52
482       -0.44
483       -0.44
484       -0.52
485       -0.52
486       -0.52
487       -0.52
488       -0.44
489       -0.52
490       -0.44
491       -0.28
492       -0.44
493       -0.52
494       -0.28
495       -0.44
496        -0.2
497       -0.28
498       -0.44
499       -0.52
500        -0.6
501       -0.84
502       -0.68
503       -0.52
504       -0.52
505       -0.52
506        -0.6
507       -0.36
508       -0.36
509       -0.36
510       -0.68
511       -0.52
512       -0.52
513        -0.6
514       -0.68
515        -0.6
516        -0.6
517        -0.6
518       -0.68
519       -0.52
520       -0.44
521        -0.6
522       -0.44
523        -0.6
524        -0.6
525       -0.68
526       -0.44
527        -0.6
528       -0.52
529       -0.44
530       -0.44
531       -0.36
532       -0.36
533       -0.52
534       -0.28
535       -0.04
536       -0.36
537       -0.44
538       -0.52
539        -0.6
540       -0.68
541       -0.52
542       -0.36
543       -0.44
544       -0.12
545       -0.36
546       -0.44
547       -0.52
548        -0.6
549       -0.28
550       -0.52
551       -0.36
552        -0.6
553        -0.6
554       -0.44
555        -0.2
556       -0.44
557       -0.52
558       -0.52
559       -0.52
560       -0.44
561       -0.52
562       -0.36
563       -0.52
564       -0.36
565       -0.28
566        0.04
567       -0.44
568        -0.6
569        -0.6
570        -0.6
571       -0.36
572       -0.36
573       -0.52
574        -0.2
575       -0.44
576       -0.36
577       -0.28
578       -0.52
579       -0.44
580       -0.44
581       -0.52
582       -0.36
583       -0.36
584       -0.52
585       -0.28
586       -0.44
587       -0.36
588       -0.36
589        -0.6
590       -0.68
591        -0.6
592       -0.44
593        -0.6
594       -0.36
595        -0.6
596       -0.68
597        -0.6
598       -0.52
599       -0.36
600       -0.36
601        -0.2
602       -0.44
603       -0.28
604       -0.36
605       -0.68
606        -0.6
607       -0.36
608       -0.44
609        -0.2
610       -0.68
611       -0.68
612        -0.6
613       -0.44
614       -0.68
615        -0.6
616       -0.44
617       -0.52
618        -0.2
619       -0.28
620       -0.12
621       -0.28
622       -0.36
623       -0.52
624       -0.44
625       -0.44
626       -0.52
627        -0.6
628       -0.68
629       -0.28
630       -0.44
631       -0.52
632       -0.52
633        -0.6
634        -0.6
635       -0.52
636       -0.52
637       -0.52
638       -0.28
639       -0.52
640       -0.52
641       -0.52
642       -0.68
643       -0.68
644       -0.68
645       -0.52
646        -0.6
647        -0.6
648        -0.6
649       -0.36
650       -0.44
651       -0.52
652       -0.52
653        -0.6
654        -0.2
655       -0.44
656       -0.68
657       -0.52
658       -0.44
659       -0.52
660       -0.36
661        -0.6
662       -0.28
663       -0.36
664       -0.68
665        -0.6
666       -0.68
667       -0.44
668        -0.6
669       -0.76
670       -0.52
671       -0.44
672       -0.44
673       -0.52
674       -0.36
675       -0.36
676       -0.44
677       -0.44
678       -0.28
679       -0.36
680       -0.44
681       -0.44
682       -0.52
683       -0.36
684       -0.52
685       -0.36
686        -0.2
687       -0.44
688       -0.36
689       -0.36
690       -0.44
691       -0.36
692       -0.52
693       -0.44
694       -0.36
695       -0.36
696       -0.44
697        -0.2
698       -0.36
699        -0.6
700        -0.6
701        -0.6
702       -0.44
703        -0.6
704       -0.68
705       -0.44
706        -0.2
707       -0.52
708        -0.6
709       -0.52
710       -0.44
711        -0.2
712       -0.44
713       -0.52
714       -0.36
715        -0.6
716       -0.68
717        -0.6
718       -0.44
719        -0.6
720       -0.44
721       -0.52
722       -0.28
723       -0.36
724       -0.28
725       -0.44
726       -0.28
727       -0.36
728       -0.44
729       -0.44
730       -0.44
731       -0.36
732       -0.52
733        -0.6
734        -0.2
735       -0.36
736       -0.36
737        -0.6
738       -0.28
739       -0.12
740       -0.44
741       -0.44
742       -0.28
743        -0.6
744       -0.52
745       -0.52
746       -0.52
747       -0.36
748       -0.52
749       -0.36
750       -0.52
751        -0.6
752        -0.6
753       -0.68
754        -0.6
755       -0.52
756       -0.68
757       -0.68
758       -0.68
759       -0.44
760        -0.6
761       -0.36
762       -0.44
763       -0.52
764       -0.52
765       -0.36
766       -0.44
767       -0.44
768       -0.68
769       -0.52
770       -0.68
771       -0.52
772       -0.52
773       -0.28
774       -0.36
775       -0.28
776       -0.44
777        -0.6
778       -0.36
779       -0.44
780       -0.36
781       -0.28
782       -0.44
783       -0.28
784       -0.28
785       -0.52
786       -0.52
787        -0.6
788       -0.52
789       -0.36
790       -0.44
791       -0.52
792        -0.6
793       -0.52
794        -0.6
795        -0.6
796        -0.6
797       -0.52
798        -0.6
799       -0.52
800       -0.44
801       -0.44
802       -0.52
803       -0.28
804       -0.52
805       -0.52
806        -0.2
807       -0.36
808       -0.44
809       -0.36
810       -0.44
811       -0.52
812        -0.6
813        -0.6
814        -0.6
815       -0.52
816        -0.6
817       -0.36
818       -0.44
819       -0.36
820       -0.52
821        -0.6
822       -0.44
823       -0.36
824       -0.52
825       -0.52
826       -0.52
827       -0.44
828       -0.52
829       -0.44
830       -0.68
831       -0.44
832       -0.44
833        -0.6
834       -0.76
835       -0.52
836        -0.6
837       -0.68
838       -0.52
839       -0.28
840       -0.44
841       -0.52
842       -0.52
843       -0.36
844       -0.36
845       -0.36
846       -0.52
847       -0.52
848       -0.36
849       -0.44
850        -0.6
851        -0.6
852       -0.52
853       -0.44
854       -0.36
855       -0.52
856       -0.44
857       -0.52
858       -0.36
859       -0.76
860        -0.6
861       -0.52
862       -0.52
863       -0.52
864       -0.52
865       -0.44
866       -0.36
867       -0.44
868       -0.44
869        -0.6
870        -0.6
871       -0.68
872       -0.52
873       -0.28
874       -0.36
875       -0.52
876       -0.52
877        -0.6
878       -0.52
879        -0.6
880       -0.44
881       -0.36
882       -0.28
883       -0.28
884       -0.36
885       -0.28
886       -0.52
887        -0.6
888       -0.44
889       -0.28
890       -0.44
891       -0.28
892       -0.28
893       -0.44
894        -0.6
895        -0.6
896       -0.52
897        -0.6
898       -0.36
899       -0.52
900       -0.44
901       -0.44
902       -0.52
903        -0.6
904       -0.52
905       -0.44
906       -0.36
907       -0.44
908        -0.6
909       -0.36
910       -0.44
911       -0.52
912       -0.44
913       -0.52
914       -0.28
915       -0.36
916       -0.52
917       -0.52
918       -0.44
919       -0.44
920       -0.36
921       -0.36
922       -0.36
923       -0.44
924        -0.2
925       -0.52
926       -0.52
927       -0.52
928       -0.28
929        -0.2
930       -0.52
931        -0.6
932       -0.44
933        -0.6
934       -0.68
935       -0.68
936       -0.36
937       -0.52
938       -0.44
939       -0.44
940       -0.36
941       -0.52
942       -0.76
943        -0.6
944       -0.28
945       -0.44
946       -0.28
947       -0.36
948       -0.36
949        -0.6
950       -0.44
951       -0.52
952       -0.52
953       -0.44
954       -0.52
955        -0.6
956        -0.6
957       -0.28
958       -0.36
959       -0.36
960       -0.36
961       -0.52
962       -0.52
963       -0.36
964       -0.36
965       -0.52
966       -0.52
967       -0.52
968       -0.52
969       -0.52
970        -0.6
971       -0.52
972       -0.44
973       -0.36
974       -0.52
975       -0.44
976       -0.28
977       -0.44
978       -0.52
979        -0.6
980       -0.68
981        -0.6
982       -0.52
983       -0.68
984       -0.12
985        -0.6
986        -0.6
987        -0.6
988       -0.52
989       -0.36
990       -0.36
991       -0.52
992       -0.52
993       -0.44
994       -0.44
995        -0.6
996        -0.6
997        -0.6
998       -0.68
999       -0.44
1000       -0.68
1001       -0.52
1002       -0.52
1003       -0.52
1004        -0.6
1005       -0.36
1006       -0.44
1007        -0.6
1008       -0.44
1009        -0.6
1010       -0.44
1011       -0.52
1012       -0.36
1013       -0.36
1014       -0.44
1015       -0.36
1016       -0.28
1017       -0.36
1018       -0.52
1019       -0.44
1020       -0.52
1021       -0.36
1022        -0.2
1023       -0.36
1024       -0.44
1025        -0.6
1026       -0.52
1027       -0.28
1028       -0.36
1029        -0.2
1030        -0.6
1031       -0.52
1032        -0.6
1033       -0.68
1034        -0.6
1035       -0.44
1036       -0.44
1037        -0.2
1038       -0.52
1039       -0.68
1040       -0.36
1041       -0.28
1042        -0.6
1043       -0.68
1044        -0.6
1045       -0.68
1046       -0.52
1047       -0.44
1048       -0.44
1049       -0.36
1050       -0.28
1051       -0.28
1052        -0.6
1053       -0.44
1054       -0.52
1055       -0.44
1056       -0.52
1057        -0.6
1058        -0.2
1059       -0.36
1060       -0.28
1061        -0.2
1062       -0.52
1063       -0.68
1064       -0.36
1065       -0.44
1066       -0.36
1067       -0.28
1068        -0.6
1069        -0.6
1070       -0.52
1071       -0.36
1072        -0.6
1073       -0.52
1074        -0.6
1075       -0.52
1076       -0.28
1077       -0.36
1078       -0.36
1079       -0.36
1080       -0.28
1081       -0.36
1082       -0.36
1083       -0.44
1084       -0.36
1085       -0.28
1086       -0.52
1087       -0.44
1088       -0.28
1089       -0.36
1090       -0.36
1091       -0.44
1092       -0.28
1093       -0.44
1094       -0.52
1095       -0.28
1096       -0.52
1097       -0.52
1098       -0.52
1099       -0.44
1100       -0.28
1101       -0.28
1102        -0.6
1103       -0.68
1104       -0.52
1105       -0.12
1106        -0.2
1107       -0.44
1108        -0.6
1109       -0.44
1110       -0.52
1111       -0.28
1112        -0.2
1113        -0.2
1114       -0.44
1115       -0.52
1116        -0.2
1117       -0.44
1118       -0.36
1119       -0.36
1120       -0.52
1121       -0.28
1122        -0.6
1123       -0.44
1124       -0.36
1125       -0.68
1126        -0.6
1127        -0.6
1128       -0.52
1129       -0.44
1130        -0.2
1131       -0.36
1132       -0.52
1133        -0.6
1134       -0.44
1135        -0.6
1136       -0.44
1137       -0.52
1138       -0.52
1139       -0.44
1140       -0.44
1141       -0.68
1142       -0.36
1143        -0.2
1144       -0.68
1145        -0.6
1146        -0.6
1147       -0.44
1148       -0.52
1149       -0.44
1150       -0.52
1151        -0.6
1152       -0.52
1153       -0.52
1154       -0.36
1155       -0.52
1156        -0.6
1157        -0.6
1158       -0.36
1159       -0.44
1160       -0.28
1161       -0.44
1162        -0.6
1163        -0.6
1164       -0.44
1165       -0.44
1166       -0.28
1167       -0.52
1168       -0.44
1169        -0.6
1170        -0.6
1171       -0.52
1172       -0.52
1173       -0.44
1174       -0.28
1175       -0.44
1176       -0.28
1177       -0.36
1178       -0.52
1179        -0.6
1180       -0.44
1181       -0.44
1182       -0.44
1183        -0.6
1184       -0.44
1185       -0.44
1186        -0.6
1187       -0.36
1188       -0.28
1189       -0.44
1190       -0.44
1191       -0.44
1192       -0.28
1193       -0.52
1194       -0.36
1195       -0.28
1196       -0.44
1197       -0.28
1198       -0.36
1199       -0.68
1200       -0.28
1201        -0.6
1202        -0.6
1203        -0.6
1204       -0.52
1205       -0.44
1206       -0.36
1207        -0.2
1208       -0.28
1209        -0.6
1210       -0.52
1211       -0.52
1212       -0.52
1213        -0.6
1214        -0.6
1215       -0.52
1216       -0.44
1217       -0.44
1218       -0.68
1219       -0.44
1220       -0.28
1221       -0.44
1222        -0.6
1223       -0.44
1224       -0.28
1225       -0.36
1226       -0.28
1227        -0.6
1228       -0.44
1229        -0.6
1230       -0.44
1231       -0.28
1232        -0.2
1233       -0.52
1234       -0.68
1235        -0.6
1236        -0.6
1237       -0.68
1238       -0.52
1239       -0.36
1240        -0.2
1241        -0.2
1242       -0.36
1243       -0.36
1244       -0.28
1245       -0.36
1246       -0.36
1247       -0.52
1248       -0.36
1249       -0.52
1250       -0.76
1251        -0.6
1252       -0.52
1253       -0.44
1254       -0.36
1255       -0.52
1256       -0.52
1257       -0.52
1258        -0.6
1259        -0.6
1260       -0.36
1261       -0.44
1262       -0.52
1263       -0.36
1264        -0.6
1265       -0.68
1266       -0.44
1267       -0.28
1268       -0.44
1269       -0.44
1270        -0.6
1271       -0.44
1272       -0.44
1273       -0.52
1274       -0.52
1275       -0.36
1276       -0.76
1277       -0.44
1278       -0.36
1279       -0.28
1280       -0.36
1281       -0.52
1282       -0.52
1283       -0.36
1284       -0.28
1285       -0.52
1286       -0.44
1287       -0.36
1288       -0.44
1289       -0.44
1290       -0.44
1291       -0.52
1292       -0.68
1293       -0.52
1294       -0.44
1295        -0.6
1296       -0.44
1297       -0.44
1298        -0.6
1299       -0.28
1300       -0.52
1301        -0.6
1302        -0.2
1303       -0.44
1304       -0.52
1305       -0.28
1306       -0.44
1307       -0.44
1308       -0.44
1309        -0.6
1310       -0.52
1311       -0.44
1312       -0.28
1313        0.04
1314       -0.12
1315       -0.36
1316       -0.68
1317       -0.68
1318        -0.6
1319       -0.84
1320        -0.6
1321       -0.52
1322       -0.52
1323       -0.44
1324        -0.6
1325       -0.68
1326        -0.6
1327        -0.6
1328       -0.68
1329        -0.6
1330       -0.12
1331       -0.36
1332       -0.52
1333        -0.6
1334       -0.44
1335       -0.28
1336        -0.2
1337        -0.6
1338       -0.52
1339       -0.52
1340       -0.12
1341       -0.28
1342       -0.52
1343       -0.52
1344       -0.52
1345       -0.52
1346       -0.36
1347       -0.36
1348       -0.44
1349       -0.68
1350       -0.52
1351        -0.6
1352       -0.44
1353       -0.44
1354       -0.36
1355       -0.44
1356       -0.44
1357       -0.44
1358        -0.6
1359       -0.52
1360       -0.76
1361       -0.52
1362       -0.44
1363       -0.52
1364       -0.52
1365       -0.76
1366        -0.6
1367       -0.28
1368       -0.52
1369       -0.76
1370        -0.6
1371       -0.76
1372       -0.68
1373       -0.52
1374        -0.6
1375       -0.44
1376       -0.28
1377       -0.36
1378       -0.44
1379       -0.52
1380       -0.52
1381       -0.44
1382       -0.52
1383       -0.68
1384        -0.6
1385       -0.44
1386        -0.6
1387        -0.6
1388       -0.52
1389       -0.52
1390       -0.36
1391       -0.52
1392       -0.44
1393       -0.28
1394       -0.44
1395       -0.44
1396       -0.68
1397       -0.68
1398       -0.68
1399       -0.76
1400       -0.68
1401       -0.68
1402       -0.44
1403       -0.44
1404       -0.36
1405       -0.44
1406       -0.28
1407       -0.36
1408        -0.2
1409        -0.2
1410       -0.44
1411       -0.44
1412       -0.44
1413       -0.44
1414       -0.68
1415       -0.52
1416       -0.44
1417       -0.28
1418       -0.52
1419       -0.52
1420       -0.52
1421       -0.36
1422        -0.6
1423        -0.6
1424       -0.52
1425       -0.44
1426        -0.6
1427        -0.6
1428        -0.6
1429       -0.52
1430       -0.76
1431        -0.6
1432       -0.44
1433       -0.36
1434       -0.44
1435       -0.44
1436       -0.36
1437       -0.36
1438       -0.44
1439       -0.44
1440       -0.44
1441       -0.44
1442       -0.44
1443       -0.36
1444        -0.6
1445       -0.36
1446       -0.28
1447       -0.44
1448       -0.44
1449       -0.52
1450       -0.52
1451       -0.36
1452       -0.44
1453        -0.6
1454       -0.36
1455       -0.44
1456       -0.28
1457        -0.2
1458        -0.2
1459       -0.44
1460       -0.28
1461       -0.44
1462       -0.44
1463       -0.36
1464       -0.36
1465       -0.52
1466       -0.44
1467       -0.52
1468       -0.52
1469       -0.44
1470        -0.2
1471       -0.52
1472        -0.6
1473       -0.44
1474       -0.44
1475       -0.36
1476       -0.52
1477       -0.28
1478       -0.36
1479       -0.36
1480       -0.36
1481       -0.28
1482       -0.36
1483        -0.6
1484        -0.6
1485       -0.44
1486       -0.52
1487        -0.2
1488       -0.44
1489       -0.44
1490       -0.36
1491       -0.28
1492       -0.52
1493       -0.44
1494       -0.44
1495       -0.36
1496       -0.52
1497        -0.6
1498       -0.36
1499       -0.68
1500       -0.52
1501       -0.44
1502       -0.28
1503       -0.28
1504       -0.36
1505       -0.52
1506        -0.6
1507       -0.36
1508       -0.44
1509       -0.36
1510       -0.36
1511        -0.2
1512       -0.36
1513       -0.52
1514       -0.68
1515        -0.6
1516        -0.6
1517       -0.52
1518        -0.6
1519       -0.68
1520       -0.52
1521       -0.28
1522       -0.52
1523        -0.6
1524        -0.6
1525       -0.44
1526       -0.52
1527       -0.36
1528       -0.28
1529       -0.44
1530       -0.36
1531       -0.36
1532       -0.68
1533        -0.6
1534       -0.44
1535        -0.6
1536       -0.44
1537       -0.36
1538       -0.44
1539       -0.44
1540       -0.28
1541       -0.36
1542       -0.36
1543       -0.44
1544        -0.2
1545       -0.28
1546       -0.44
1547        -0.6
1548       -0.44
1549       -0.44
1550        -0.2
1551       -0.52
1552       -0.52
1553       -0.44
1554        -0.6
1555       -0.52
1556        -0.6
1557       -0.52
1558       -0.52
1559       -0.28
1560        -0.6
1561       -0.28
1562       -0.36
1563        -0.6
1564       -0.52
1565       -0.68
1566       -0.44
1567       -0.68
1568       -0.44
1569       -0.52
1570       -0.52
1571        -0.6
1572        -0.6
1573       -0.44
1574       -0.68
1575        -0.6
1576       -0.52
1577       -0.44
1578       -0.52
1579       -0.52
1580       -0.44
1581       -0.52
1582       -0.44
1583        -0.6
1584       -0.52
1585       -0.52
1586       -0.44
1587       -0.36
1588       -0.52
1589       -0.68
1590        -0.6
1591       -0.52
1592       -0.36
1593       -0.68
1594       -0.52
1595       -0.44
1596       -0.44
1597       -0.44
1598       -0.52
1599        -0.6
1600       -0.44
1601        -0.6
1602       -0.68
1603       -0.52
1604       -0.44
1605       -0.44
1606       -0.36
1607       -0.44
1608       -0.36
1609       -0.52
1610       -0.44
1611       -0.44
1612       -0.36
1613       -0.36
1614       -0.28
1615       -0.44
1616       -0.44
1617       -0.36
1618       -0.36
1619       -0.28
1620       -0.36
1621       -0.36
1622       -0.68
1623       -0.68
1624       -0.36
1625       -0.68
1626       -0.44
1627       -0.52
1628       -0.52
1629        -0.2
1630        -0.6
1631       -0.44
1632       -0.44
1633       -0.28
1634       -0.28
1635       -0.28
1636       -0.12
1637        -0.2
1638       -0.12
1639       -0.44
1640       -0.52
1641       -0.52
1642       -0.68
1643        -0.6
1644       -0.68
1645        -0.6
1646       -0.44
1647        -0.6
1648       -0.52
1649       -0.44
1650       -0.52
1651       -0.44
1652       -0.76
1653       -0.52
1654       -0.68
1655       -0.52
1656       -0.44
1657       -0.44
1658       -0.28
1659       -0.44
1660       -0.28
1661       -0.36
1662       -0.12
1663       -0.36
1664       -0.44
1665       -0.44
1666       -0.36
1667       -0.44
1668       -0.52
1669       -0.52
1670       -0.44
1671       -0.44
1672        -0.6
1673       -0.36
1674        -0.6
1675       -0.44
1676        -0.6
1677       -0.76
1678       -0.52
1679       -0.44
1680       -0.36
1681       -0.36
1682       -0.44
1683       -0.52
1684       -0.52
1685        -0.6
1686        -0.6
1687       -0.44
1688       -0.44
1689       -0.36
1690       -0.36
1691        -0.2
1692       -0.36
1693       -0.36
1694       -0.36
1695        -0.6
1696       -0.68
1697       -0.36
1698       -0.44
1699       -0.44
1700       -0.52
1701       -0.44
1702       -0.68
1703       -0.84
1704        -0.6
1705       -0.52
1706       -0.52
1707        -0.6
1708       -0.28
1709       -0.52
1710        -0.6
1711       -0.52
1712       -0.28
1713       -0.28
1714       -0.44
1715        -0.6
1716       -0.28
1717       -0.44
1718       -0.44
1719       -0.44
1720       -0.52
1721       -0.52
1722       -0.44
1723        -0.6
1724       -0.44
1725        -0.6
1726       -0.44
1727       -0.44
1728       -0.52
1729       -0.44
1730        -0.6
1731       -0.52
1732        -0.6
1733        -0.6
1734        -0.2
1735       -0.44
1736        -0.6
1737       -0.44
1738        -0.6
1739       -0.52
1740       -0.28
1741       -0.44
1742       -0.36
1743       -0.36
1744       -0.52
1745       -0.52
1746       -0.52
1747       -0.52
1748       -0.52
1749       -0.52
1750       -0.44
1751       -0.36
1752       -0.52
1753       -0.44
1754       -0.44
1755       -0.52
1756       -0.44
1757        -0.6
1758       -0.52
1759       -0.52
1760       -0.44
1761       -0.44
1762       -0.52
1763       -0.36
1764       -0.36
1765        -0.2
1766       -0.44
1767       -0.68
1768        -0.6
1769       -0.44
1770       -0.36
1771       -0.52
1772       -0.28
1773       -0.44
1774       -0.52
1775       -0.44
1776       -0.36
1777       -0.44
1778        -0.6
1779       -0.36
1780       -0.76
1781       -0.44
1782       -0.36
1783       -0.44
1784       -0.44
1785       -0.28
1786       -0.36
1787       -0.44
1788       -0.52
1789       -0.52
1790       -0.52
1791       -0.52
1792       -0.28
1793       -0.52
1794       -0.44
1795       -0.44
1796       -0.36
1797        -0.6
1798        -0.6
1799       -0.68
1800       -0.76
1801        -0.6
1802       -0.68
1803       -0.68
1804       -0.28
1805       -0.52
1806        -0.6
1807       -0.28
1808       -0.52
1809       -0.68
1810       -0.36
1811        -0.6
1812       -0.44
1813       -0.36
1814       -0.44
1815       -0.36
1816       -0.28
1817       -0.36
1818       -0.44
1819        -0.6
1820       -0.28
1821       -0.36
1822        -0.6
1823       -0.76
1824        -0.6
1825       -0.52
1826       -0.36
1827       -0.28
1828       -0.36
1829        -0.6
1830       -0.52
1831       -0.28
1832       -0.28
1833       -0.36
1834       -0.44
1835        -0.6
1836       -0.52
1837       -0.52
1838       -0.52
1839       -0.36
1840       -0.44
1841       -0.36
1842       -0.44
1843        -0.2
1844       -0.52
1845       -0.52
1846       -0.44
1847       -0.36
1848       -0.36
1849       -0.28
1850       -0.36
1851       -0.52
1852       -0.36
1853       -0.68
1854       -0.28
1855        -0.6
1856       -0.52
1857       -0.36
1858        -0.6
1859       -0.28
1860       -0.36
1861       -0.44
1862       -0.28
1863       -0.28
1864       -0.52
1865       -0.52
1866       -0.36
1867       -0.52
1868       -0.36
1869       -0.36
1870       -0.36
1871       -0.36
1872       -0.36
1873       -0.36
1874       -0.28
1875       -0.44
1876       -0.68
1877       -0.44
1878       -0.44
1879       -0.52
1880        -0.6
1881        -0.6
1882       -0.52
1883       -0.44
1884       -0.36
1885       -0.36
1886        -0.6
1887       -0.52
1888       -0.52
1889       -0.52
1890       -0.28
1891       -0.28
1892       -0.52
1893       -0.36
1894       -0.36
1895       -0.44
1896       -0.36
1897       -0.28
1898        -0.2
1899       -0.36
1900       -0.44
1901        -0.6
1902       -0.68
1903       -0.52
1904       -0.44
1905       -0.36
1906       -0.36
1907        -0.6
1908       -0.36
1909       -0.44
1910       -0.44
1911       -0.28
1912       -0.36
1913       -0.44
1914       -0.44
1915       -0.28
1916       -0.36
1917       -0.36
1918       -0.52
1919       -0.44
1920       -0.44
1921       -0.52
1922       -0.44
1923        -0.6
1924       -0.44
1925       -0.36
1926        -0.2
1927       -0.36
1928        -0.6
1929       -0.68
1930       -0.52
1931       -0.44
1932        -0.6
1933        -0.6
1934        -0.6
1935       -0.68
1936       -0.52
1937        -0.2
1938        -0.6
1939       -0.44
1940       -0.44
1941       -0.52
1942       -0.44
1943       -0.52
1944        -0.6
1945       -0.52
1946       -0.36
1947       -0.44
1948       -0.28
1949       -0.44
1950       -0.36
1951       -0.52
1952       -0.52
1953       -0.52
1954       -0.52
1955       -0.52
1956       -0.52
1957       -0.52
1958       -0.44
1959       -0.28
1960       -0.52
1961        -0.6
1962       -0.76
1963       -0.36
1964        -0.6
1965       -0.52
1966       -0.44
1967       -0.52
1968        -0.6
1969       -0.52
1970       -0.44
1971       -0.44
1972       -0.52
1973       -0.44
1974        -0.6
1975       -0.44
1976        -0.6
1977       -0.52
1978       -0.36
1979       -0.44
1980       -0.44
1981       -0.36
1982        -0.6
1983       -0.68
1984       -0.44
1985       -0.68
1986        -0.6
1987        -0.6
1988       -0.44
1989        -0.2
1990        -0.2
1991       -0.28
1992       -0.52
1993        -0.2
1994       -0.36
1995        -0.6
1996       -0.44
1997        -0.6
1998       -0.52
1999       -0.52
2000       -0.44
2001        -0.6
2002       -0.44
2003        -0.6
2004       -0.52
2005       -0.36
2006       -0.36
2007       -0.28
2008       -0.28
2009       -0.28
2010       -0.44
2011        -0.6
2012       -0.28
2013       -0.52
2014        -0.2
2015       -0.44
2016       -0.36
2017       -0.44
2018       -0.36
2019       -0.36
2020       -0.44
2021        -0.6
2022       -0.44
2023       -0.44
2024       -0.36
2025        -0.6
2026       -0.52
2027       -0.36
2028       -0.44
2029        -0.6
2030       -0.52
2031       -0.44
2032       -0.52
2033       -0.44
2034       -0.52
2035        -0.2
2036       -0.44
2037        -0.6
2038       -0.52
2039       -0.44
2040       -0.28
2041       -0.28
2042       -0.36
2043       -0.68
2044        -0.6
2045       -0.52
2046       -0.68
2047        -0.6
2048       -0.68
2049       -0.36
2050       -0.36
2051       -0.44
2052        -0.6
2053        -0.6
2054       -0.68
2055        -0.6
2056       -0.52
2057        -0.2
2058       -0.36
2059       -0.44
2060       -0.52
2061       -0.44
2062       -0.44
2063       -0.52
2064       -0.44
2065        -0.6
2066        -0.6
2067        -0.6
2068       -0.52
2069       -0.36
2070       -0.44
2071       -0.52
2072       -0.44
2073       -0.36
2074       -0.44
2075       -0.52
2076       -0.52
2077       -0.52
2078       -0.76
2079       -0.52
2080       -0.44
2081       -0.76
2082       -0.52
2083       -0.36
2084       -0.52
2085       -0.28
2086       -0.28
2087       -0.36
2088       -0.52
2089       -0.44
2090       -0.36
2091       -0.36
2092       -0.44
2093       -0.52
2094        -0.6
2095        -0.6
2096       -0.44
2097       -0.52
2098       -0.52
2099        -0.6
2100       -0.52
2101       -0.44
2102       -0.44
2103       -0.52
2104       -0.36
2105       -0.52
2106       -0.52
2107       -0.44
2108       -0.44
2109       -0.44
2110       -0.36
2111       -0.52
2112       -0.28
2113       -0.36
2114       -0.44
2115       -0.28
2116       -0.68
2117        -0.6
2118       -0.52
2119       -0.28
2120       -0.28
2121       -0.52
2122       -0.28
2123        -0.2
2124       -0.44
2125       -0.68
2126        -0.6
2127       -0.52
2128       -0.44
2129       -0.44
2130       -0.52
2131       -0.44
2132        -0.6
2133       -0.28
2134       -0.52
2135       -0.52
2136       -0.68
2137       -0.76
2138       -0.68
2139       -0.52
2140       -0.36
2141       -0.52
2142       -0.44
2143       -0.44
2144       -0.68
2145       -0.68
2146       -0.52
2147       -0.36
2148       -0.28
2149       -0.28
2150       -0.36
2151       -0.28
2152       -0.28
2153       -0.12
2154       -0.12
2155       -0.36
2156       -0.12
2157       -0.28
2158       -0.44
2159       -0.28
2160       -0.44
2161       -0.52
2162       -0.52
2163        -0.6
2164       -0.44
2165       -0.52
2166       -0.36
2167       -0.36
2168       -0.28
2169       -0.44
2170       -0.68
2171       -0.68
2172       -0.52
2173       -0.52
2174       -0.36
2175       -0.36
2176        -0.6
2177       -0.52
2178       -0.68
2179        -0.6
2180       -0.44
2181       -0.28
2182       -0.44
2183       -0.36
2184        -0.6
2185       -0.36
2186       -0.52
2187       -0.52
2188       -0.44
2189       -0.44
2190       -0.52
2191       -0.44
2192       -0.52
2193       -0.36
2194       -0.44
2195       -0.44
2196       -0.52
2197       -0.28
2198       -0.28
2199        -0.2
2200       -0.36
2201       -0.68
2202        -0.6
2203       -0.36
2204       -0.36
2205       -0.36
2206       -0.44
2207       -0.28
2208       -0.52
2209       -0.36
2210       -0.52
2211       -0.28
2212       -0.68
2213       -0.52
2214        -0.6
2215        -0.6
2216       -0.44
2217       -0.52
2218       -0.52
2219       -0.68
2220       -0.52
2221       -0.44
2222       -0.52
2223       -0.44
2224       -0.36
2225       -0.36
2226        -0.2
2227       -0.44
2228       -0.28
2229       -0.28
2230        -0.6
2231       -0.44
2232        -0.2
2233       -0.44
2234       -0.12
2235       -0.36
2236       -0.52
2237       -0.52
2238       -0.52
2239        -0.6
2240       -0.52
2241       -0.44
2242       -0.52
2243       -0.28
2244       -0.36
2245       -0.44
2246        -0.6
2247       -0.36
2248       -0.52
2249       -0.36
2250       -0.76
2251        -0.6
2252       -0.44
2253       -0.68
2254       -0.36
2255       -0.28
2256       -0.36
2257       -0.52
2258       -0.36
2259       -0.52
2260        -0.6
2261        -0.6
2262        -0.2
2263       -0.52
2264       -0.68
2265       -0.44
2266       -0.52
2267       -0.44
2268       -0.52
2269       -0.36
2270       -0.36
2271        -0.6
2272       -0.52
2273       -0.44
2274       -0.44
2275        -0.6
2276        -0.6
2277       -0.52
2278       -0.36
2279       -0.36
2280       -0.28
2281       -0.36
2282       -0.28
2283       -0.44
2284       -0.52
2285       -0.52
2286       -0.44
2287       -0.52
2288       -0.28
2289       -0.44
2290       -0.36
2291       -0.44
2292       -0.36
2293       -0.44
2294       -0.44
2295        -0.6
2296       -0.52
2297       -0.52
2298        -0.2
2299       -0.44
2300       -0.28
2301       -0.44
2302        -0.6
2303       -0.52
2304       -0.68
2305       -0.36
2306       -0.28
2307        -0.6
2308        -0.6
2309       -0.68
2310        -0.6
2311        -0.6
2312        -0.6
2313       -0.52
2314        -0.6
2315        -0.6
2316       -0.52
2317       -0.44
2318       -0.36
2319       -0.44
2320       -0.36
2321       -0.52
2322       -0.44
2323       -0.36
2324       -0.52
2325       -0.44
2326       -0.36
2327        -0.6
2328       -0.44
2329       -0.36
2330       -0.36
2331       -0.44
2332       -0.44
2333       -0.52
2334       -0.44
2335       -0.36
2336       -0.68
2337       -0.52
2338       -0.52
2339       -0.52
2340       -0.44
2341       -0.52
2342       -0.36
2343       -0.52
2344        -0.6
2345       -0.44
2346       -0.52
2347       -0.52
2348       -0.52
2349       -0.36
2350       -0.36
2351        -0.6
2352       -0.52
2353        -0.6
2354       -0.44
2355       -0.52
2356       -0.36
2357       -0.36
2358       -0.36
2359       -0.28
2360        -0.6
2361       -0.52
2362       -0.28
2363       -0.52
2364       -0.36
2365       -0.52
2366       -0.52
2367       -0.52
2368       -0.36
2369       -0.52
2370       -0.52
2371       -0.52
2372       -0.52
2373       -0.52
2374        -0.2
2375       -0.28
2376       -0.44
2377       -0.44
2378       -0.44
2379       -0.36
2380       -0.44
2381        -0.6
2382       -0.68
2383       -0.36
2384        -0.6
2385       -0.52
2386       -0.52
2387        -0.6
2388       -0.28
2389       -0.36
2390       -0.36
2391       -0.28
2392       -0.36
2393       -0.36
2394       -0.28
2395       -0.44
2396        -0.6
2397       -0.44
2398        -0.6
2399       -0.52
2400       -0.44
2401       -0.44
2402       -0.28
2403       -0.36
2404       -0.36
2405       -0.36
2406       -0.36
2407        -0.6
2408       -0.68
2409       -0.52
2410       -0.44
2411       -0.52
2412       -0.36
2413       -0.44
2414        -0.6
2415       -0.28
2416       -0.36
2417       -0.52
2418       -0.36
2419       -0.28
2420       -0.52
2421       -0.36
2422       -0.28
2423       -0.52
2424       -0.76
2425        -0.6
2426       -0.68
2427       -0.52
2428       -0.28
2429       -0.52
2430       -0.44
2431       -0.36
2432        -0.6
2433       -0.52
2434       -0.36
2435       -0.44
2436       -0.36
2437       -0.44
2438       -0.52
2439        -0.6
2440       -0.68
2441       -0.36
2442       -0.36
2443       -0.36
2444       -0.44
2445       -0.52
2446       -0.52
2447       -0.44
2448       -0.52
2449        -0.6
2450       -0.52
2451       -0.52
2452       -0.52
2453       -0.52
2454       -0.68
2455       -0.44
2456       -0.76
2457       -0.28
2458       -0.52
2459        -0.6
2460       -0.36
2461        -0.2
2462       -0.28
2463       -0.28
2464       -0.44
2465       -0.28
2466       -0.52
2467        -0.6
2468       -0.52
2469        -0.6
2470       -0.44
2471       -0.44
2472       -0.44
2473       -0.36
2474       -0.36
2475       -0.28
2476       -0.68
2477       -0.52
2478       -0.36
2479       -0.52
2480       -0.44
2481       -0.44
2482       -0.44
2483       -0.28
2484       -0.52
2485       -0.36
2486       -0.44
2487       -0.52
2488       -0.52
2489       -0.36
2490       -0.28
2491       -0.44
2492       -0.52
2493       -0.44
2494        -0.2
2495        -0.2
2496       -0.28
2497       -0.44
2498       -0.52
2499        -0.2
2500       -0.52
2501       -0.68
2502       -0.36
2503       -0.52
2504       -0.44
2505       -0.12
2506       -0.36
2507        -0.6
2508       -0.52
2509       -0.52
2510        -0.6
2511       -0.28
2512        -0.6
2513        -0.6
2514       -0.36
2515       -0.52
2516       -0.52
2517       -0.44
2518       -0.28
2519       -0.28
2520       -0.44
2521       -0.36
2522       -0.52
2523       -0.52
2524       -0.44
2525       -0.52
2526       -0.44
2527       -0.44
2528       -0.36
2529       -0.68
2530       -0.44
2531       -0.36
2532       -0.52
2533       -0.68
2534       -0.36
2535       -0.52
2536        -0.6
2537       -0.52
2538       -0.68
2539       -0.44
2540       -0.52
2541        -0.6
2542       -0.52
2543        -0.6
2544       -0.44
2545       -0.52
2546       -0.44
2547       -0.44
2548        -0.6
2549       -0.44
2550       -0.36
2551       -0.44
2552       -0.36
2553       -0.44
2554       -0.52
2555       -0.68
2556       -0.52
2557       -0.44
2558        -0.6
2559       -0.68
2560       -0.28
2561       -0.52
2562       -0.84
2563       -0.52
2564        -0.6
2565       -0.68
2566        -0.6
2567        -0.6
2568       -0.76
2569        -0.6
2570        -0.6
2571       -0.52
2572        -0.6
2573       -0.44
2574        -0.6
2575       -0.44
2576       -0.36
2577       -0.52
2578        -0.6
2579       -0.52
2580        -0.6
2581       -0.36
2582       -0.52
2583        -0.2
2584       -0.52
2585       -0.52
2586       -0.44
2587       -0.52
2588        -0.6
2589       -0.52
2590       -0.52
2591        -0.6
2592        -0.6
2593        -0.6
2594        -0.6
2595       -0.52
2596       -0.44
2597       -0.44
2598       -0.28
2599       -0.44
2600       -0.52
2601       -0.52
2602       -0.28
2603       -0.52
2604       -0.28
2605       -0.28
2606       -0.44
2607       -0.52
2608       -0.52
2609        -0.6
2610       -0.36
2611       -0.36
2612       -0.44
2613       -0.52
2614       -0.52
2615       -0.52
2616       -0.36
2617       -0.28
2618       -0.28
2619       -0.52
2620       -0.44
2621       -0.44
2622       -0.52
2623       -0.28
2624       -0.36
2625       -0.68
2626       -0.36
2627       -0.52
2628       -0.52
2629        -0.6
2630       -0.44
2631       -0.44
2632        -0.6
2633        -0.2
2634       -0.44
2635       -0.36
2636       -0.52
2637       -0.52
2638       -0.44
2639       -0.36
2640       -0.36
2641       -0.52
2642       -0.68
2643       -0.52
2644        -0.6
2645       -0.36
2646        -0.6
2647        -0.6
2648       -0.44
2649        -0.2
2650       -0.44
2651       -0.52
2652       -0.52
2653       -0.52
2654        -0.2
2655       -0.44
2656       -0.36
2657       -0.28
2658       -0.44
2659       -0.36
2660       -0.36
2661       -0.44
2662       -0.44
2663        -0.6
2664       -0.52
2665        -0.6
2666        -0.6
2667       -0.36
2668       -0.52
2669       -0.44
2670       -0.52
2671        -0.6
2672       -0.44
2673       -0.28
2674       -0.52
2675        -0.6
2676       -0.36
2677       -0.28
2678       -0.52
2679       -0.52
2680       -0.44
2681       -0.52
2682       -0.52
2683       -0.44
2684       -0.28
2685       -0.52
2686       -0.36
2687        -0.6
2688       -0.52
2689       -0.44
2690        -0.6
2691       -0.52
2692       -0.52
2693       -0.44
2694       -0.52
2695       -0.68
2696       -0.52
2697       -0.68
2698       -0.68
2699       -0.44
2700       -0.52
2701       -0.44
2702       -0.36
2703       -0.44
2704       -0.52
2705       -0.52
2706        -0.6
2707       -0.36
2708       -0.52
2709       -0.52
2710       -0.28
2711       -0.44
2712       -0.36
2713       -0.44
2714       -0.44
2715        -0.6
2716       -0.36
2717       -0.28
2718       -0.44
2719        -0.6
2720        -0.6
2721       -0.44
2722       -0.44
2723       -0.36
2724       -0.12
2725       -0.44
2726       -0.36
2727        -0.6
2728        -0.6
2729       -0.68
2730       -0.52
2731        -0.2
2732        -0.2
2733       -0.36
2734       -0.52
2735       -0.28
2736       -0.12
2737       -0.36
2738       -0.44
2739       -0.36
2740       -0.36
2741       -0.44
2742       -0.36
2743       -0.52
2744       -0.36
2745       -0.44
2746       -0.76
2747       -0.44
2748       -0.44
2749       -0.52
2750       -0.44
2751       -0.52
2752       -0.68
2753        -0.6
2754       -0.44
2755       -0.52
2756       -0.52
2757       -0.36
2758       -0.44
2759       -0.52
2760       -0.44
2761        -0.6
2762       -0.52
2763       -0.44
2764       -0.28
2765       -0.36
2766       -0.44
2767       -0.52
2768       -0.44
2769       -0.36
2770       -0.28
2771       -0.52
2772       -0.36
2773       -0.12
2774       -0.52
2775        -0.6
2776        -0.6
2777       -0.44
2778       -0.28
2779       -0.28
2780       -0.28
2781       -0.36
2782       -0.44
2783       -0.28
2784        -0.2
2785       -0.52
2786       -0.36
2787       -0.52
2788       -0.44
2789       -0.52
2790       -0.52
2791       -0.52
2792       -0.28
2793        -0.6
2794       -0.36
2795       -0.28
2796       -0.28
2797       -0.52
2798       -0.68
2799       -0.68
2800       -0.36
2801       -0.52
2802       -0.52
2803       -0.44
2804       -0.44
2805        -0.6
2806        -0.6
2807       -0.52
2808       -0.52
2809        -0.6
2810       -0.44
2811       -0.68
2812       -0.52
2813        -0.2
2814        -0.6
2815       -0.36
2816       -0.36
2817       -0.12
2818        -0.2
2819       -0.28
2820       -0.28
2821       -0.28
2822        -0.2
2823       -0.28
2824        -0.2
2825       -0.44
2826       -0.52
2827       -0.52
2828       -0.36
2829       -0.52
2830        -0.6
2831       -0.36
2832       -0.68
2833       -0.36
2834       -0.52
2835       -0.44
2836       -0.36
2837       -0.28
2838       -0.52
2839        -0.6
2840        -0.6
2841       -0.52
2842       -0.36
2843        -0.6
2844       -0.44
2845       -0.52
2846       -0.36
2847        -0.6
2848       -0.36
2849       -0.68
2850       -0.52
2851       -0.44
2852       -0.52
2853        -0.6
2854       -0.52
2855       -0.44
2856       -0.28
2857        -0.6
2858       -0.68
2859       -0.44
2860       -0.76
2861       -0.68
2862       -0.68
2863       -0.44
2864        -0.2
2865        -0.2
2866        -0.2
2867       -0.36
2868       -0.36
2869        -0.2
2870        -0.2
2871        -0.2
2872       -0.28
2873       -0.44
2874       -0.36
2875       -0.36
2876        -0.6
2877       -0.44
2878       -0.44
2879       -0.52
2880       -0.44
2881       -0.28
2882       -0.28
2883       -0.36
2884       -0.52
2885       -0.44
2886       -0.52
2887       -0.44
2888        -0.6
2889       -0.44
2890       -0.36
2891       -0.44
2892        -0.6
2893       -0.36
2894       -0.36
2895       -0.44
2896       -0.28
2897       -0.52
2898       -0.52
2899       -0.44
2900       -0.76
2901       -0.76
2902       -0.76
2903       -0.52
2904       -0.36
2905       -0.44
2906        -0.6
2907        -0.6
2908        -0.6
2909        -0.2
2910       -0.52
2911       -0.36
2912       -0.44
2913       -0.36
2914       -0.44
2915       -0.44
2916       -0.44
2917       -0.44
2918        -0.6
2919       -0.44
2920       -0.52
2921       -0.44
2922       -0.36
2923       -0.52
2924        -0.6
2925       -0.36
2926       -0.52
2927        -0.6
2928       -0.68
2929        -0.6
2930        -0.6
2931       -0.76
2932        -0.6
2933       -0.36
2934        -0.6
2935       -0.36
2936       -0.44
2937       -0.44
2938       -0.52
2939       -0.44
2940       -0.36
2941       -0.44
2942       -0.28
2943       -0.36
2944       -0.28
2945        -0.2
2946       -0.52
2947       -0.44
2948       -0.36
2949       -0.44
2950        -0.6
2951       -0.52
2952       -0.52
2953       -0.44
2954       -0.36
2955       -0.44
2956       -0.44
2957        -0.6
2958        -0.6
2959       -0.44
2960       -0.52
2961       -0.52
2962        -0.6
2963       -0.44
2964       -0.44
2965       -0.52
2966       -0.36
2967       -0.68
2968        -0.6
2969       -0.36
2970       -0.44
2971       -0.76
2972       -0.28
2973       -0.12
2974       -0.28
2975       -0.36
2976       -0.52
2977       -0.52
2978       -0.68
2979       -0.52
2980       -0.52
2981       -0.68
2982       -0.52
2983       -0.36
2984       -0.28
2985       -0.36
2986       -0.44
2987       -0.52
2988       -0.68
2989        -0.6
2990        -0.6
2991       -0.52
2992       -0.52
2993       -0.36
2994       -0.12
2995       -0.44
2996       -0.52
2997       -0.44
2998       -0.36
2999       -0.36
3000       -0.44
3001        -0.6
3002        -0.2
3003        -0.2
3004       -0.28
3005        -0.2
3006        -0.2
3007        -0.2
3008       -0.36
3009       -0.36
3010        -0.2
3011       -0.36
3012       -0.44
3013        -0.6
3014       -0.44
3015        -0.6
3016        -0.6
3017       -0.52
3018        -0.2
3019       -0.44
3020       -0.44
3021       -0.44
3022       -0.52
3023       -0.36
3024       -0.52
3025        -0.6
3026        -0.6
3027       -0.36
3028       -0.36
3029       -0.36
3030       -0.44
3031       -0.68
3032       -0.52
3033       -0.52
3034       -0.44
3035       -0.44
3036       -0.44
3037       -0.52
3038        -0.6
3039        -0.6
3040       -0.36
3041       -0.36
3042       -0.52
3043       -0.52
3044       -0.52
3045       -0.44
3046       -0.44
3047        -0.6
3048       -0.68
3049       -0.52
3050       -0.36
3051       -0.52
3052       -0.52
3053       -0.44
3054       -0.36
3055       -0.44
3056       -0.44
3057        -0.2
3058       -0.44
3059       -0.52
3060       -0.44
3061       -0.28
3062       -0.52
3063        -0.6
3064       -0.36
3065       -0.36
3066       -0.52
3067       -0.28
3068        -0.2
3069       -0.44
3070        -0.6
3071       -0.36
3072       -0.36
3073       -0.36
3074       -0.36
3075        -0.6
3076       -0.44
3077       -0.44
3078       -0.36
3079       -0.28
3080        -0.6
3081        -0.6
3082       -0.52
3083        -0.6
3084        -0.6
3085       -0.52
3086       -0.52
3087       -0.68
3088       -0.44
3089       -0.44
3090       -0.68
3091       -0.52
3092       -0.36
3093       -0.44
3094       -0.36
3095        -0.2
3096       -0.44
3097       -0.36
3098       -0.44
3099       -0.44
3100       -0.36
3101       -0.44
3102       -0.44
3103       -0.44
3104       -0.36
3105       -0.36
3106       -0.44
3107       -0.28
3108       -0.52
3109       -0.52
3110       -0.52
3111       -0.44
3112       -0.36
3113       -0.52
3114       -0.36
3115       -0.44
3116       -0.68
3117       -0.44
3118       -0.52
3119       -0.52
3120       -0.36
3121       -0.36
3122       -0.44
3123       -0.44
3124       -0.52
3125       -0.52
3126       -0.68
3127       -0.52
3128        -0.6
3129       -0.52
3130       -0.28
3131        -0.6
3132       -0.44
3133       -0.52
3134       -0.52
3135       -0.76
3136       -0.36
3137       -0.44
3138        -0.6
3139       -0.36
3140       -0.28
3141        -0.2
3142       -0.44
3143       -0.28
3144       -0.44
3145       -0.12
3146       -0.28
3147       -0.44
3148        -0.6
3149       -0.44
3150       -0.44
3151       -0.36
3152       -0.36
3153       -0.44
3154       -0.36
3155       -0.44
3156       -0.44
3157       -0.44
3158        -0.2
3159       -0.28
3160        -0.2
3161       -0.52
3162       -0.44
3163       -0.44
3164       -0.68
3165       -0.68
3166        -0.6
3167       -0.68
3168        -0.6
3169        -0.6
3170       -0.68
3171       -0.52
3172       -0.52
3173        -0.6
3174       -0.28
3175       -0.44
3176        -0.6
3177        -0.6
3178        -0.6
3179       -0.36
3180       -0.36
3181       -0.36
3182        -0.2
3183       -0.44
3184       -0.52
3185       -0.44
3186       -0.52
3187       -0.52
3188       -0.28
3189       -0.52
3190       -0.36
3191       -0.36
3192       -0.52
3193       -0.44
3194       -0.52
3195       -0.44
3196       -0.52
3197       -0.44
3198       -0.68
3199       -0.44
3200       -0.52
3201        -0.6
3202       -0.68
3203       -0.44
3204        -0.6
3205        -0.6
3206       -0.44
3207       -0.52
3208       -0.36
3209       -0.28
3210       -0.28
3211       -0.28
3212       -0.44
3213       -0.44
3214       -0.44
3215        -0.6
3216       -0.36
3217       -0.36
3218       -0.52
3219       -0.44
3220       -0.44
3221        -0.6
3222        -0.6
3223       -0.52
3224       -0.68
3225       -0.68
3226       -0.44
3227       -0.52
3228       -0.52
3229       -0.36
3230       -0.44
3231        -0.2
3232       -0.36
3233       -0.52
3234       -0.44
3235       -0.36
3236       -0.52
3237       -0.36
3238       -0.36
3239       -0.44
3240       -0.44
3241       -0.36
3242        -0.2
3243        -0.2
3244       -0.28
3245       -0.44
3246       -0.36
3247       -0.52
3248       -0.44
3249       -0.44
3250       -0.52
3251       -0.44
3252        -0.6
3253        -0.6
3254       -0.68
3255       -0.68
3256        -0.6
3257       -0.52
3258        -0.6
3259        -0.6
3260       -0.76
3261        -0.6
3262        -0.6
3263       -0.52
3264       -0.44
3265       -0.36
3266       -0.36
3267       -0.36
3268        -0.6
3269       -0.52
3270        -0.6
3271       -0.44
3272       -0.52
3273       -0.52
3274       -0.52
3275       -0.52
3276       -0.44
3277       -0.44
3278        -0.2
3279       -0.44
3280       -0.44
3281        -0.6
3282       -0.36
3283       -0.52
3284       -0.52
3285       -0.52
3286        -0.6
3287       -0.44
3288       -0.28
3289       -0.36
3290        -0.6
3291       -0.52
3292       -0.28
3293       -0.44
3294       -0.44
3295        -0.6
3296       -0.52
3297        -0.6
3298       -0.52
3299       -0.36
3300       -0.44
3301       -0.36
3302       -0.28
3303       -0.44
3304       -0.44
3305       -0.44
3306       -0.52
3307       -0.28
3308        -0.6
3309        -0.6
3310       -0.36
3311       -0.52
3312       -0.28
3313       -0.36
3314       -0.36
3315       -0.36
3316        -0.6
3317       -0.44
3318        -0.6
3319       -0.44
3320       -0.04
3321       -0.28
3322       -0.44
3323       -0.52
3324        -0.6
3325       -0.44
3326       -0.28
3327       -0.36
3328       -0.12
3329       -0.36
3330       -0.52
3331       -0.28
3332       -0.44
3333       -0.44
3334        -0.6
3335       -0.44
3336       -0.36
3337       -0.44
3338       -0.44
3339        -0.6
3340       -0.52
3341        -0.2
3342       -0.44
3343       -0.68
3344       -0.52
3345        -0.2
3346       -0.28
3347       -0.36
3348       -0.44
3349       -0.52
3350       -0.44
3351       -0.52
3352       -0.52
3353       -0.52
3354        -0.6
3355        -0.6
3356        -0.6
3357       -0.44
3358       -0.44
3359        -0.6
3360       -0.12
3361       -0.36
3362       -0.36
3363       -0.36
3364       -0.52
3365       -0.44
3366       -0.44
3367       -0.52
3368       -0.28
3369        -0.6
3370        -0.6
3371        -0.6
3372       -0.52
3373        -0.2
3374       -0.44
3375        -0.6
3376        -0.6
3377        -0.6
3378       -0.44
3379       -0.52
3380       -0.44
3381       -0.28
3382       -0.36
3383        -0.6
3384        -0.6
3385       -0.44
3386       -0.52
3387        -0.2
3388       -0.36
3389       -0.52
3390       -0.36
3391       -0.28
3392       -0.36
3393        -0.6
3394       -0.68
3395       -0.68
3396       -0.68
3397       -0.44
3398       -0.44
3399       -0.44
3400       -0.44
3401        -0.6
3402        -0.6
3403       -0.52
3404       -0.36
3405       -0.44
3406        -0.6
3407       -0.76
3408       -0.44
3409       -0.44
3410       -0.36
3411       -0.12
3412       -0.52
3413        -0.6
3414       -0.44
3415       -0.52
3416       -0.52
3417       -0.44
3418       -0.36
3419       -0.28
3420       -0.44
3421       -0.44
3422        -0.2
3423       -0.28
3424       -0.52
3425       -0.28
3426       -0.36
3427       -0.44
3428       -0.52
3429       -0.44
3430        -0.6
3431       -0.44
3432       -0.44
3433       -0.44
3434       -0.28
3435       -0.44
3436       -0.12
3437       -0.36
3438       -0.44
3439       -0.36
3440       -0.44
3441       -0.68
3442       -0.44
3443       -0.36
3444       -0.52
3445       -0.36
3446       -0.28
3447       -0.44
3448       -0.52
3449       -0.44
3450       -0.52
3451        -0.6
3452       -0.28
3453       -0.52
3454       -0.52
3455       -0.44
3456       -0.28
3457       -0.36
3458       -0.28
3459       -0.44
3460       -0.52
3461       -0.36
3462       -0.44
3463       -0.44
3464        -0.6
3465       -0.68
3466       -0.68
3467       -0.52
3468        -0.2
3469       -0.36
3470       -0.44
3471       -0.36
3472       -0.36
3473       -0.44
3474       -0.44
3475       -0.52
3476       -0.52
3477       -0.36
3478       -0.28
3479       -0.52
3480       -0.52
3481       -0.44
3482       -0.44
3483       -0.52
3484        -0.6
3485        -0.6
3486       -0.52
3487       -0.36
3488       -0.44
3489        -0.6
3490        -0.6
3491       -0.52
3492       -0.44
3493        -0.2
3494       -0.44
3495       -0.28
3496       -0.28
3497       -0.36
3498        -0.6
3499       -0.44
3500       -0.28
3501        -0.2
3502       -0.44
3503       -0.76
3504       -0.76
3505        -0.6
3506       -0.52
3507       -0.44
3508       -0.36
3509       -0.52
3510       -0.52
3511       -0.36
3512        -0.6
3513        -0.6
3514       -0.44
3515       -0.44
3516       -0.52
3517       -0.52
3518       -0.68
3519        -0.6
3520        -0.6
3521       -0.36
3522       -0.36
3523       -0.28
3524       -0.44
3525       -0.52
3526       -0.52
3527       -0.52
3528       -0.52
3529       -0.44
3530       -0.44
3531       -0.52
3532       -0.52
3533       -0.36
3534       -0.52
3535        -0.6
3536       -0.44
3537       -0.36
3538       -0.44
3539       -0.52
3540        -0.2
3541       -0.44
3542       -0.52
3543       -0.52
3544       -0.52
3545       -0.52
3546       -0.52
3547       -0.44
3548       -0.52
3549        -0.6
3550       -0.52
3551       -0.52
3552       -0.52
3553       -0.52
3554        -0.6
3555        -0.6
3556        -0.6
3557        -0.6
3558       -0.44
3559       -0.44
3560        -0.6
3561       -0.36
3562        -0.6
3563       -0.52
3564       -0.52
3565       -0.28
3566       -0.28
3567        -0.6
3568       -0.44
3569       -0.52
3570       -0.36
3571       -0.36
3572       -0.36
3573       -0.52
3574       -0.52
3575       -0.44
3576       -0.68
3577       -0.68
3578       -0.52
3579       -0.36
3580       -0.52
3581       -0.44
3582       -0.44
3583       -0.44
3584       -0.28
3585       -0.28
3586       -0.44
3587       -0.44
3588        -0.6
3589        -0.6
3590       -0.52
3591       -0.36
3592       -0.28
3593       -0.44
3594       -0.36
3595        -0.6
3596        -0.6
3597       -0.68
3598        -0.6
3599       -0.52
3600        -0.2
3601       -0.36
3602       -0.52
3603       -0.44
3604       -0.52
3605        -0.6
3606       -0.36
3607       -0.44
3608       -0.44
3609       -0.44
3610       -0.52
3611       -0.44
3612       -0.52
3613       -0.52
3614        -0.6
3615       -0.44
3616       -0.28
3617       -0.28
3618       -0.44
3619       -0.36
3620       -0.68
3621        -0.6
3622       -0.44
3623        -0.6
3624       -0.52
3625       -0.52
3626       -0.52
3627       -0.36
3628       -0.44
3629       -0.52
3630       -0.52
3631       -0.52
3632       -0.36
3633       -0.36
3634       -0.36
3635        -0.2
3636       -0.36
3637       -0.28
3638       -0.28
3639       -0.44
3640       -0.68
3641        -0.6
3642        -0.6
3643        -0.6
3644       -0.52
3645       -0.36
3646       -0.52
3647       -0.68
3648       -0.76
3649       -0.36
3650        -0.6
3651       -0.36
3652        -0.6
3653       -0.68
3654       -0.68
3655       -0.44
3656       -0.44
3657       -0.44
3658       -0.52
3659       -0.44
3660       -0.52
3661       -0.52
3662       -0.28
3663       -0.36
3664        -0.2
3665       -0.44
3666        -0.6
3667       -0.36
3668       -0.36
3669       -0.68
3670       -0.52
3671       -0.36
3672       -0.52
3673       -0.44
3674       -0.52
3675        -0.6
3676        -0.6
3677       -0.68
3678       -0.36
3679        -0.6
3680       -0.76
3681       -0.52
3682       -0.52
3683       -0.44
3684       -0.44
3685       -0.52
3686       -0.68
3687       -0.44
3688        -0.6
3689       -0.28
3690       -0.44
3691       -0.44
3692       -0.52
3693        -0.6
3694        -0.2
3695        -0.6
3696       -0.52
3697       -0.44
3698       -0.52
3699       -0.44
3700       -0.28
3701       -0.44
3702       -0.44
3703       -0.52
3704       -0.44
3705       -0.28
3706       -0.44
3707       -0.68
3708        -0.6
3709       -0.52
3710       -0.68
3711       -0.52
3712       -0.52
3713       -0.36
3714       -0.44
3715       -0.44
3716        -0.6
3717        -0.6
3718       -0.36
3719       -0.36
3720       -0.36
3721        -0.2
3722       -0.52
3723       -0.44
3724       -0.52
3725       -0.52
3726       -0.52
3727       -0.52
3728       -0.52
3729       -0.68
3730       -0.44
3731       -0.52
3732       -0.52
3733       -0.52
3734       -0.44
3735       -0.36
3736       -0.44
3737       -0.52
3738       -0.36
3739        -0.6
3740       -0.52
3741       -0.52
3742       -0.52
3743       -0.52
3744       -0.36
3745        -0.6
3746        -0.6
3747       -0.44
3748       -0.36
3749       -0.36
3750       -0.44
3751       -0.44
3752       -0.68
3753       -0.36
3754       -0.44
3755       -0.36
3756       -0.44
3757       -0.36
3758       -0.28
3759       -0.36
3760        -0.2
3761        -0.2
3762       -0.44
3763       -0.36
3764       -0.44
3765       -0.36
3766       -0.52
3767       -0.44
3768       -0.36
3769       -0.52
3770        -0.6
3771        -0.6
3772       -0.36
3773       -0.44
3774       -0.52
3775       -0.52
3776       -0.44
3777       -0.68
3778       -0.28
3779       -0.44
3780       -0.44
3781       -0.44
3782       -0.36
3783       -0.36
3784       -0.44
3785       -0.52
3786       -0.52
3787        -0.6
3788       -0.44
3789       -0.44
3790       -0.36
3791       -0.52
3792       -0.52
3793       -0.36
3794       -0.52
3795        -0.6
3796        -0.6
3797        -0.6
3798       -0.52
3799       -0.52
3800       -0.52
3801       -0.36
3802       -0.44
3803       -0.36
3804       -0.12
3805        -0.2
3806        -0.6
3807       -0.52
3808       -0.28
3809        -0.6
3810       -0.68
3811       -0.68
3812        -0.6
3813       -0.44
3814       -0.28
3815       -0.28
3816       -0.36
3817       -0.44
3818       -0.44
3819       -0.36
3820       -0.28
3821       -0.52
3822        -0.6
3823        -0.6
3824       -0.28
3825       -0.52
3826       -0.36
3827        -0.6
3828       -0.52
3829       -0.52
3830       -0.36
3831       -0.28
3832       -0.36
3833        -0.6
3834        -0.6
3835       -0.44
3836       -0.44
3837       -0.28
3838       -0.52
3839       -0.44
3840       -0.44
3841       -0.28
3842       -0.28
3843       -0.28
3844       -0.44
3845        -0.6
3846       -0.44
3847       -0.44
3848        -0.6
3849        -0.6
3850       -0.44
3851       -0.44
3852       -0.44
3853       -0.28
3854        -0.2
3855       -0.36
3856       -0.36
3857        -0.6
3858       -0.52
3859       -0.44
3860       -0.36
3861       -0.44
3862       -0.44
3863       -0.52
3864       -0.44
3865        -0.6
3866       -0.76
3867       -0.52
3868       -0.44
3869       -0.44
3870       -0.28
3871       -0.52
3872       -0.52
3873       -0.44
3874       -0.44
3875       -0.44
3876        -0.6
3877       -0.52
3878       -0.52
3879        -0.2
3880       -0.28
3881       -0.68
3882       -0.36
3883       -0.28
3884       -0.36
3885       -0.44
3886       -0.44
3887       -0.36
3888       -0.52
3889       -0.52
3890       -0.36
3891       -0.12
3892       -0.36
3893       -0.28
3894        -0.6
3895       -0.36
3896       -0.12
3897       -0.28
3898       -0.36
3899       -0.36
3900       -0.52
3901        -0.6
3902       -0.68
3903        -0.6
3904       -0.68
3905       -0.52
3906       -0.44
3907       -0.52
3908       -0.52
3909       -0.52
3910        -0.6
3911       -0.52
3912       -0.36
3913       -0.52
3914       -0.44
3915       -0.52
3916        -0.6
3917        -0.6
3918       -0.52
3919       -0.44
3920       -0.36
3921        -0.6
3922       -0.44
3923       -0.52
3924       -0.44
3925        -0.6
3926       -0.68
3927        -0.6
3928       -0.44
3929       -0.44
3930       -0.44
3931       -0.44
3932        -0.2
3933        -0.2
3934       -0.52
3935       -0.44
3936       -0.44
3937        -0.6
3938       -0.52
3939       -0.52
3940        -0.6
3941       -0.44
3942       -0.36
3943        -0.6
3944       -0.36
3945       -0.44
3946        -0.6
3947       -0.52
3948       -0.36
3949       -0.44
3950        -0.6
3951       -0.68
3952        -0.6
3953       -0.68
3954       -0.44
3955       -0.28
3956       -0.52
3957       -0.52
3958       -0.28
3959       -0.36
3960       -0.28
3961       -0.36
3962       -0.44
3963       -0.28
3964       -0.44
3965       -0.44
3966       -0.28
3967       -0.36
3968       -0.36
3969       -0.36
3970        -0.6
3971       -0.52
3972       -0.28
3973        -0.2
3974       -0.52
3975        -0.6
3976       -0.52
3977       -0.36
3978       -0.28
3979       -0.52
3980       -0.68
3981        -0.6
3982       -0.52
3983        -0.6
3984       -0.44
3985       -0.52
3986        -0.6
3987       -0.44
3988        -0.6
3989       -0.52
3990       -0.44
3991       -0.44
3992       -0.36
3993       -0.44
3994       -0.36
3995        -0.2
3996       -0.36
3997       -0.44
3998       -0.44
3999       -0.52
4000       -0.52
4001       -0.68
4002       -0.52
4003       -0.44
4004       -0.28
4005       -0.44
4006       -0.44
4007        -0.6
4008       -0.52
4009       -0.36
4010       -0.52
4011       -0.44
4012       -0.36
4013       -0.36
4014       -0.44
4015       -0.44
4016       -0.52
4017       -0.36
4018       -0.44
4019       -0.36
4020       -0.44
4021       -0.28
4022       -0.36
4023       -0.44
4024       -0.28
4025       -0.36
4026       -0.36
4027       -0.52
4028       -0.04
4029       -0.04
4030       -0.44
4031       -0.44
4032       -0.44
4033       -0.52
4034        -0.6
4035       -0.12
4036       -0.44
4037       -0.36
4038        -0.6
4039       -0.52
4040       -0.52
4041       -0.52
4042       -0.44
4043       -0.52
4044       -0.52
4045       -0.52
4046       -0.28
4047        -0.6
4048        -0.6
4049       -0.84
4050        -0.6
4051       -0.52
4052       -0.28
4053       -0.68
4054       -0.76
4055       -0.68
4056       -0.52
4057       -0.44
4058       -0.28
4059       -0.52
4060       -0.52
4061       -0.36
4062       -0.28
4063       -0.36
4064       -0.44
4065       -0.44
4066       -0.52
4067       -0.36
4068       -0.44
4069       -0.28
4070       -0.36
4071       -0.52
4072       -0.44
4073       -0.52
4074       -0.52
4075       -0.36
4076       -0.52
4077        -0.6
4078       -0.52
4079       -0.44
4080       -0.52
4081        -0.2
4082       -0.36
4083       -0.68
4084        -0.6
4085       -0.36
4086        -0.6
4087       -0.52
4088       -0.52
4089        -0.6
4090        -0.6
4091       -0.44
4092       -0.52
4093       -0.28
4094       -0.44
4095       -0.52
4096       -0.68
4097       -0.28
4098       -0.28
4099       -0.52
4100       -0.52
4101        -0.6
4102        -0.6
4103       -0.36
4104       -0.44
4105       -0.36
4106       -0.36
4107        -0.6
4108       -0.44
4109       -0.36
4110       -0.68
4111        -0.6
4112       -0.68
4113       -0.52
4114       -0.44
4115       -0.44
4116       -0.52
4117       -0.44
4118       -0.52
4119       -0.52
4120       -0.28
4121       -0.52
4122       -0.36
4123       -0.28
4124       -0.44
4125       -0.44
4126       -0.68
4127       -0.36
4128       -0.44
4129       -0.44
4130       -0.52
4131        -0.6
4132       -0.52
4133       -0.44
4134        -0.6
4135       -0.52
4136        -0.6
4137       -0.44
4138       -0.44
4139        -0.6
4140       -0.52
4141       -0.36
4142        -0.2
4143       -0.44
4144       -0.44
4145       -0.44
4146       -0.52
4147       -0.52
4148       -0.52
4149        -0.6
4150       -0.52
4151       -0.52
4152       -0.36
4153        -0.2
4154       -0.52
4155       -0.44
4156       -0.52
4157       -0.44
4158       -0.36
4159       -0.52
4160       -0.36
4161       -0.12
4162       -0.52
4163       -0.52
4164        -0.6
4165        -0.6
4166        -0.6
4167       -0.44
4168       -0.36
4169       -0.36
4170        -0.2
4171       -0.52
4172       -0.44
4173        -0.6
4174       -0.28
4175       -0.28
4176        -0.6
4177       -0.52
4178       -0.44
4179       -0.68
4180        -0.6
4181       -0.52
4182       -0.44
4183       -0.44
4184       -0.52
4185       -0.68
4186       -0.68
4187       -0.68
4188        -0.6
4189       -0.52
4190       -0.52
4191       -0.52
4192        -0.2
4193       -0.44
4194       -0.52
4195       -0.52
4196       -0.52
4197       -0.44
4198       -0.44
4199       -0.36
4200       -0.44
4201       -0.52
4202       -0.36
4203       -0.44
4204       -0.44
4205       -0.52
4206       -0.44
4207       -0.44
4208       -0.44
4209       -0.44
4210       -0.52
4211        -0.6
4212       -0.52
4213        -0.6
4214       -0.52
4215       -0.44
4216       -0.36
4217       -0.28
4218       -0.44
4219       -0.36
4220       -0.44
4221       -0.44
4222       -0.36
4223       -0.36
4224       -0.44
4225       -0.12
4226       -0.52
4227       -0.44
4228       -0.28
4229       -0.44
4230       -0.44
4231       -0.28
4232        -0.6
4233       -0.52
4234        -0.6
4235       -0.52
4236       -0.52
4237       -0.68
4238       -0.44
4239       -0.44
4240       -0.36
4241       -0.52
4242       -0.44
4243       -0.44
4244       -0.52
4245       -0.44
4246       -0.28
4247       -0.52
4248       -0.52
4249       -0.52
4250       -0.44
4251       -0.52
4252       -0.44
4253       -0.36
4254       -0.52
4255       -0.36
4256       -0.44
4257       -0.52
4258       -0.36
4259       -0.52
4260       -0.52
4261       -0.28
4262       -0.44
4263       -0.44
4264       -0.52
4265       -0.36
4266       -0.28
4267       -0.52
4268       -0.44
4269       -0.44
4270       -0.36
4271       -0.28
4272       -0.28
4273       -0.52
4274       -0.52
4275       -0.76
4276        -0.6
4277       -0.44
4278       -0.28
4279       -0.44
4280       -0.52
4281       -0.36
4282       -0.36
4283       -0.52
4284       -0.44
4285       -0.36
4286       -0.44
4287       -0.36
4288        -0.6
4289       -0.52
4290       -0.36
4291       -0.52
4292        -0.2
4293       -0.44
4294       -0.36
4295       -0.28
4296        -0.2
4297       -0.52
4298       -0.52
4299        -0.6
4300       -0.52
4301       -0.44
4302       -0.44
4303        -0.6
4304       -0.52
4305       -0.28
4306        -0.2
4307       -0.52
4308       -0.44
4309       -0.28
4310        -0.6
4311       -0.76
4312       -0.44
4313       -0.52
4314       -0.44
4315       -0.52
4316       -0.44
4317       -0.36
4318        -0.6
4319       -0.44
4320       -0.44
4321       -0.68
4322        -0.6
4323        -0.6
4324       -0.36
4325       -0.12
4326       -0.44
4327       -0.12
4328       -0.36
4329       -0.52
4330       -0.52
4331       -0.68
4332       -0.68
4333        -0.6
4334       -0.52
4335       -0.52
4336       -0.52
4337       -0.52
4338       -0.44
4339        -0.2
4340       -0.36
4341       -0.36
4342       -0.36
4343        -0.2
4344       -0.28
4345       -0.36
4346       -0.36
4347       -0.44
4348       -0.28
4349       -0.44
4350       -0.44
4351       -0.44
4352       -0.36
4353       -0.44
4354       -0.44
4355        -0.6
4356       -0.44
4357       -0.44
4358       -0.44
4359       -0.52
4360       -0.52
4361        -0.2
4362       -0.52
4363       -0.44
4364        -0.6
4365       -0.52
4366        -0.6
4367       -0.44
4368       -0.28
4369       -0.52
4370       -0.44
4371       -0.52
4372        -0.6
4373       -0.76
4374        -0.6
4375       -0.36
4376       -0.44
4377       -0.44
4378       -0.52
4379        -0.6
4380       -0.76
4381        -0.6
4382        -0.6
4383       -0.44
4384       -0.52
4385        -0.6
4386        -0.6
4387       -0.52
4388       -0.52
4389       -0.44
4390        -0.6
4391        -0.2
4392       -0.28
4393       -0.52
4394       -0.52
4395       -0.28
4396       -0.44
4397       -0.52
4398       -0.52
4399        -0.6
4400       -0.68
4401       -0.68
4402       -0.52
4403       -0.76
4404       -0.52
4405       -0.44
4406       -0.52
4407        -0.6
4408       -0.52
4409       -0.52
4410       -0.36
4411       -0.36
4412       -0.36
4413       -0.52
4414       -0.52
4415       -0.52
4416       -0.52
4417       -0.36
4418       -0.28
4419       -0.36
4420       -0.36
4421       -0.52
4422       -0.28
4423        -0.6
4424       -0.44
4425       -0.44
4426       -0.44
4427       -0.52
4428       -0.68
4429       -0.68
4430       -0.68
4431       -0.76
4432        -0.6
4433       -0.52
4434        -0.6
4435       -0.36
4436       -0.68
4437       -0.52
4438        -0.6
4439       -0.52
4440        -0.2
4441       -0.36
4442       -0.36
4443        -0.6
4444       -0.36
4445        -0.6
4446       -0.52
4447        -0.6
4448       -0.52
4449       -0.52
4450       -0.28
4451       -0.44
4452        -0.6
4453       -0.36
4454       -0.52
4455       -0.36
4456       -0.52
4457       -0.52
4458       -0.28
4459       -0.52
4460        -0.2
4461       -0.52
4462       -0.68
4463       -0.28
4464       -0.44
4465       -0.44
4466        -0.6
4467        -0.6
4468       -0.36
4469       -0.36
4470       -0.76
4471       -0.68
4472       -0.44
4473       -0.44
4474       -0.44
4475       -0.28
4476       -0.28
4477       -0.36
4478       -0.44
4479       -0.52
4480       -0.52
4481       -0.52
4482       -0.52
4483       -0.44
4484       -0.44
4485       -0.44
4486       -0.44
4487       -0.44
4488       -0.36
4489       -0.36
4490       -0.28
4491        -0.6
4492       -0.44
4493       -0.68
4494        -0.6
4495       -0.52
4496       -0.52
4497        -0.6
4498       -0.36
4499        -0.6
4500        -0.6
4501       -0.36
4502       -0.36
4503        -0.6
4504       -0.28
4505       -0.68
4506       -0.44
4507       -0.44
4508       -0.36
4509       -0.36
4510       -0.36
4511       -0.36
4512       -0.44
4513       -0.68
4514       -0.52
4515       -0.68
4516        -0.6
4517        -0.6
4518        -0.6
4519       -0.52
4520       -0.36
4521       -0.36
4522       -0.52
4523       -0.36
4524       -0.44
4525        -0.6
4526       -0.36
4527       -0.52
4528       -0.52
4529       -0.36
4530       -0.36
4531       -0.36
4532       -0.36
4533       -0.68
4534       -0.28
4535       -0.44
4536       -0.36
4537        -0.6
4538       -0.52
4539        -0.6
4540       -0.52
4541       -0.44
4542       -0.36
4543       -0.36
4544       -0.36
4545       -0.52
4546       -0.36
4547       -0.44
4548       -0.52
4549        -0.2
4550       -0.52
4551        -0.6
4552        -0.6
4553       -0.68
4554       -0.44
4555       -0.28
4556       -0.36
4557       -0.28
4558       -0.28
4559       -0.36
4560       -0.44
4561       -0.44
4562       -0.36
4563       -0.52
4564        -0.6
4565       -0.44
4566       -0.36
4567       -0.12
4568       -0.36
4569       -0.52
4570        -0.6
4571       -0.52
4572       -0.12
4573       -0.68
4574       -0.44
4575       -0.36
4576       -0.36
4577       -0.36
4578       -0.28
4579       -0.36
4580       -0.36
4581       -0.28
4582       -0.36
4583       -0.44
4584       -0.52
4585       -0.44
4586       -0.36
4587       -0.44
4588       -0.36
4589       -0.36
4590        -0.6
4591       -0.44
4592       -0.44
4593       -0.36
4594       -0.36
4595       -0.36
4596       -0.52
4597       -0.68
4598       -0.44
4599       -0.36
4600        -0.2
4601       -0.52
4602        -0.6
4603       -0.68
4604        -0.6
4605       -0.68
4606       -0.68
4607       -0.36
4608       -0.52
4609       -0.44
4610       -0.52
4611       -0.52
4612       -0.36
4613       -0.44
4614       -0.44
4615       -0.36
4616       -0.52
4617       -0.44
4618       -0.52
4619        -0.6
4620       -0.52
4621       -0.52
4622        -0.6
4623       -0.44
4624       -0.28
4625       -0.44
4626       -0.52
4627        -0.6
4628        -0.6
4629        -0.6
4630       -0.52
4631       -0.28
4632       -0.68
4633       -0.36
4634       -0.28
4635       -0.28
4636       -0.28
4637       -0.44
4638       -0.52
4639       -0.68
4640        -0.6
4641        -0.6
4642       -0.44
4643       -0.12
4644       -0.28
4645       -0.36
4646       -0.36
4647       -0.52
4648       -0.68
4649       -0.68
4650       -0.44
4651       -0.44
4652        -0.6
4653        -0.6
4654       -0.52
4655        -0.6
4656       -0.44
4657       -0.44
4658        -0.6
4659       -0.36
4660       -0.52
4661       -0.52
4662        -0.2
4663       -0.44
4664       -0.36
4665       -0.68
4666       -0.52
4667       -0.28
4668       -0.36
4669       -0.44
4670        -0.6
4671       -0.44
4672       -0.36
4673       -0.52
4674        -0.6
4675       -0.52
4676       -0.44
4677        -0.6
4678       -0.52
4679       -0.52
4680       -0.52
4681        -0.6
4682       -0.36
4683       -0.44
4684       -0.52
4685       -0.44
4686       -0.52
4687       -0.44
4688       -0.44
4689       -0.28
4690       -0.28
4691       -0.44
4692       -0.52
4693        -0.6
4694       -0.68
4695       -0.68
4696        -0.6
4697       -0.36
4698        -0.6
4699        -0.2
4700       -0.52
4701       -0.36
4702       -0.44
4703       -0.44
4704        -0.6
4705       -0.68
4706       -0.68
4707        -0.6
4708       -0.52
4709        -0.6
4710       -0.52
4711       -0.52
4712       -0.36
4713       -0.44
4714       -0.76
4715       -0.52
4716       -0.44
4717       -0.44
4718       -0.44
4719       -0.52
4720       -0.52
4721       -0.28
4722        -0.2
4723       -0.44
4724       -0.28
4725        -0.2
4726       -0.52
4727        -0.6
4728       -0.52
4729       -0.52
4730        -0.6
4731       -0.36
4732       -0.44
4733       -0.36
4734       -0.44
4735        -0.6
4736       -0.52
4737       -0.44
4738        -0.6
4739       -0.52
4740       -0.52
4741       -0.36
4742       -0.36
4743       -0.52
4744       -0.52
4745       -0.36
4746       -0.52
4747       -0.12
4748       -0.44
4749       -0.68
4750       -0.52
4751       -0.52
4752       -0.28
4753       -0.52
4754       -0.44
4755        -0.6
4756       -0.76
4757       -0.68
4758       -0.68
4759       -0.36
4760       -0.28
4761       -0.52
4762        -0.6
4763       -0.44
4764        -0.6
4765       -0.52
4766       -0.52
4767       -0.36
4768       -0.36
4769       -0.44
4770       -0.36
4771       -0.52
4772       -0.52
4773       -0.44
4774       -0.44
4775       -0.28
4776       -0.44
4777       -0.36
4778       -0.44
4779       -0.36
4780       -0.36
4781       -0.28
4782        -0.6
4783       -0.44
4784       -0.44
4785       -0.52
4786        -0.6
4787       -0.36
4788        -0.6
4789       -0.52
4790       -0.52
4791       -0.44
4792       -0.52
4793       -0.44
4794       -0.52
4795        -0.6
4796       -0.44
4797       -0.44
4798       -0.52
4799       -0.68
4800       -0.52
4801       -0.68
4802       -0.68
4803       -0.52
4804       -0.52
4805       -0.44
4806       -0.52
4807       -0.52
4808       -0.52
4809       -0.52
4810       -0.36
4811       -0.44
4812        -0.6
4813       -0.44
4814        -0.6
4815        -0.6
4816       -0.68
4817       -0.68
4818       -0.44
4819       -0.76
4820        -0.6
4821       -0.52
4822        -0.6
4823       -0.28
4824       -0.28
4825        -0.6
4826       -0.68
4827       -0.68
4828       -0.44
4829       -0.52
4830       -0.28
4831       -0.44
4832       -0.36
4833       -0.36
4834       -0.44
4835       -0.52
4836       -0.44
4837        -0.6
4838       -0.52
4839       -0.36
4840       -0.44
4841       -0.52
4842        -0.6
4843        -0.6
4844        -0.6
4845        -0.6
4846       -0.52
4847       -0.52
4848       -0.44
4849       -0.68
4850        -0.6
4851       -0.52
4852        -0.6
4853       -0.52
4854        -0.6
4855       -0.52
4856       -0.28
4857       -0.44
4858       -0.52
4859        -0.6
4860       -0.52
4861       -0.68
4862       -0.52
4863       -0.52
4864       -0.28
4865       -0.12
4866       -0.44
4867       -0.36
4868       -0.12
4869       -0.36
4870       -0.44
4871       -0.36
4872       -0.44
4873       -0.52
4874       -0.44
4875       -0.44
4876        -0.6
4877        -0.6
4878       -0.28
4879       -0.44
4880        -0.2
4881       -0.44
4882       -0.44
4883       -0.44
4884       -0.44
4885       -0.28
4886       -0.36
4887       -0.36
4888       -0.28
4889       -0.52
4890       -0.28
4891       -0.44
4892       -0.52
4893       -0.52
4894       -0.52
4895       -0.36
4896       -0.44
4897       -0.44
4898       -0.44
4899       -0.36
4900       -0.44
4901        -0.6
4902       -0.28
4903        -0.6
4904       -0.52
4905       -0.52
4906       -0.44
4907       -0.36
4908       -0.36
4909       -0.28
4910       -0.68
4911       -0.68
4912        -0.6
4913       -0.52
4914       -0.52
4915       -0.44
4916       -0.36
4917       -0.36
4918       -0.44
4919       -0.44
4920       -0.36
4921       -0.52
4922       -0.52
4923       -0.52
4924        -0.6
4925        -0.6
4926        -0.6
4927       -0.52
4928       -0.44
4929       -0.52
4930       -0.52
4931       -0.52
4932       -0.44
4933       -0.44
4934       -0.36
4935       -0.44
4936       -0.36
4937       -0.52
4938       -0.44
4939       -0.36
4940       -0.44
4941       -0.44
4942       -0.36
4943       -0.36
4944       -0.68
4945       -0.44
4946       -0.28
4947        -0.2
4948       -0.28
4949       -0.44
4950       -0.28
4951        -0.6
4952        -0.6
4953       -0.52
4954       -0.44
4955       -0.28
4956       -0.52
4957       -0.36
4958       -0.36
4959       -0.52
4960       -0.44
4961       -0.44
4962       -0.52
4963       -0.68
4964       -0.44
4965        -0.6
4966       -0.36
4967       -0.52
4968        -0.6
4969       -0.76
4970       -0.76
4971        -0.6
4972       -0.52
4973        -0.6
4974       -0.68
4975       -0.52
4976       -0.52
4977       -0.44
4978        -0.6
4979        -0.6
4980       -0.68
4981        -0.6
4982       -0.44
4983        -0.6
4984       -0.52
4985       -0.44
4986       -0.52
4987       -0.36
4988       -0.52
4989       -0.44
4990       -0.36
4991        -0.6
4992       -0.52
4993       -0.52
4994       -0.44
4995       -0.36
4996        -0.6
4997       -0.52
4998       -0.44
4999       -0.36
5000       -0.28
