1       -0.44
2        -0.6
3        -0.6
4       -0.68
5       -0.76
6       -0.76
7       -0.84
8       -0.84
9       -0.84
10       -0.84
11       -0.84
12       -0.84
13       -0.84
14       -0.84
15       -0.84
16       -0.84
17       -0.84
18       -0.84
19       -0.84
20       -0.84
21       -0.84
22       -0.84
23       -0.84
24       -0.84
25       -0.84
26       -0.84
27       -0.84
28       -0.84
29       -0.92
30       -0.92
31       -0.92
32       -0.92
33       -0.92
34       -0.92
35       -0.92
36       -0.92
37       -0.92
38       -0.92
39       -0.92
40       -0.92
41       -0.92
42       -0.84
43       -0.92
44       -0.92
45       -0.92
46       -0.92
47       -0.92
48       -0.92
49       -0.92
50       -0.92
51       -0.92
52       -0.92
53       -0.92
54       -0.92
55       -0.92
56       -0.92
57       -0.92
58       -0.92
59       -0.92
60       -0.92
61       -0.92
62       -0.92
63       -0.92
64       -0.92
65       -0.92
66       -0.92
67       -0.92
68       -0.92
69       -0.92
70       -0.92
71       -0.92
72       -0.92
73       -0.92
74       -0.92
75       -0.92
76       -0.92
77       -0.92
78       -0.92
79       -0.92
80       -0.92
81       -0.92
82       -0.92
83       -0.92
84       -0.92
85       -0.92
86       -0.92
87       -0.92
88       -0.92
89       -0.92
90       -0.92
91       -0.92
92       -0.92
93       -0.92
94       -0.92
95       -0.92
96       -0.92
97       -0.92
98       -0.92
99       -0.92
100       -0.92
101       -0.92
102       -0.92
103       -0.92
104       -0.92
105       -0.92
106       -0.92
107       -0.92
108       -0.92
109       -0.92
110       -0.92
111       -0.92
112       -0.92
113       -0.92
114       -0.92
115       -0.92
116       -0.92
117       -0.92
118       -0.92
119       -0.92
120       -0.92
121       -0.92
122       -0.92
123       -0.92
124       -0.92
125       -0.92
126       -0.92
127       -0.92
128       -0.92
129       -0.92
130       -0.92
131       -0.92
132       -0.92
133       -0.92
134       -0.92
135       -0.92
136       -0.92
137       -0.92
138       -0.92
139       -0.92
140       -0.92
141       -0.92
142       -0.92
143       -0.92
144       -0.92
145       -0.92
146       -0.92
147       -0.92
148       -0.92
149       -0.92
150       -0.92
151       -0.92
152       -0.92
153       -0.92
154       -0.92
155       -0.92
156       -0.92
157       -0.92
158       -0.92
159       -0.92
160       -0.92
161       -0.92
162       -0.92
163       -0.92
164       -0.92
165       -0.92
166       -0.92
167       -0.92
168       -0.92
169       -0.92
170       -0.84
171       -0.84
172       -0.84
173       -0.84
174       -0.84
175       -0.84
176       -0.84
177       -0.84
178       -0.84
179       -0.84
180       -0.84
181       -0.84
182       -0.84
183       -0.84
184       -0.84
185       -0.84
186       -0.84
187       -0.84
188       -0.84
189       -0.84
190       -0.84
191       -0.84
192       -0.84
193       -0.84
194       -0.84
195       -0.84
196       -0.84
197       -0.84
198       -0.92
199       -0.92
200       -0.92
201       -0.92
202       -0.92
203       -0.92
204       -0.92
205       -0.92
206       -0.92
207       -0.92
208       -0.92
209       -0.92
210       -0.92
211       -0.92
212       -0.92
213       -0.92
214       -0.84
215       -0.84
216       -0.84
217       -0.84
218       -0.84
219       -0.84
220       -0.84
221       -0.84
222       -0.84
223       -0.84
224       -0.84
225       -0.84
226       -0.84
227       -0.84
228       -0.84
229       -0.84
230       -0.84
231       -0.84
232       -0.84
233       -0.84
234       -0.84
235       -0.84
236       -0.84
237       -0.84
238       -0.84
239       -0.84
240       -0.84
241       -0.84
242       -0.84
243       -0.84
244       -0.92
245       -0.92
246       -0.92
247       -0.92
248       -0.92
249       -0.92
250       -0.92
251       -0.92
252       -0.92
253       -0.92
254       -0.92
255       -0.92
256       -0.92
257       -0.92
258       -0.92
259       -0.92
260       -0.92
261       -0.92
262       -0.92
263       -0.92
264       -0.92
265       -0.92
266       -0.92
267       -0.92
268       -0.92
269       -0.92
270       -0.92
271       -0.92
272       -0.92
273       -0.92
274       -0.92
275       -0.92
276       -0.92
277       -0.92
278       -0.92
279       -0.92
280       -0.92
281       -0.92
282       -0.92
283       -0.92
284       -0.92
285       -0.92
286       -0.92
287       -0.92
288       -0.92
289       -0.92
290       -0.92
291       -0.92
292       -0.92
293       -0.92
294       -0.92
295       -0.92
296       -0.92
297       -0.92
298       -0.92
299       -0.92
300       -0.92
301       -0.92
302       -0.92
303       -0.92
304       -0.92
305       -0.92
306       -0.92
307       -0.92
308       -0.92
309       -0.92
310       -0.92
311       -0.92
312       -0.92
313       -0.92
314       -0.92
315       -0.92
316       -0.92
317       -0.92
318       -0.92
319       -0.92
320       -0.92
321       -0.92
322       -0.92
323       -0.92
324       -0.92
325       -0.92
326       -0.92
327       -0.92
328       -0.92
329       -0.92
330       -0.92
331       -0.92
332       -0.92
333       -0.92
334       -0.92
335       -0.92
336       -0.92
337       -0.92
338       -0.92
339       -0.92
340       -0.92
341       -0.92
342       -0.92
343       -0.92
344       -0.92
345       -0.92
346       -0.92
347       -0.92
348       -0.92
349       -0.92
350       -0.92
351       -0.92
352       -0.92
353       -0.92
354       -0.92
355       -0.92
356       -0.92
357       -0.92
358       -0.92
359       -0.92
360       -0.92
361       -0.92
362       -0.92
363       -0.92
364       -0.92
365       -0.92
366       -0.92
367       -0.92
368       -0.92
369       -0.92
370       -0.92
371       -0.92
372       -0.92
373       -0.92
374       -0.92
375       -0.92
376       -0.92
377       -0.92
378       -0.92
379       -0.92
380       -0.92
381       -0.92
382       -0.92
383       -0.92
384       -0.92
385       -0.92
386       -0.92
387       -0.92
388       -0.92
389       -0.92
390       -0.92
391       -0.92
392       -0.92
393       -0.92
394       -0.92
395       -0.92
396       -0.92
397       -0.92
398       -0.92
399       -0.92
400       -0.92
401       -0.92
402       -0.92
403       -0.92
404       -0.92
405       -0.92
406       -0.92
407       -0.92
408       -0.92
409       -0.92
410       -0.92
411       -0.92
412       -0.84
413       -0.92
414       -0.92
415       -0.92
416       -0.92
417       -0.92
418       -0.92
419       -0.92
420       -0.92
421       -0.92
422       -0.84
423       -0.84
424       -0.84
425       -0.84
426       -0.92
427       -0.92
428       -0.92
429       -0.92
430       -0.92
431       -0.92
432       -0.92
433       -0.92
434       -0.92
435       -0.92
436       -0.92
437       -0.92
438       -0.92
439       -0.92
440       -0.92
441       -0.92
442       -0.92
443       -0.92
444       -0.92
445       -0.92
446       -0.92
447       -0.92
448       -0.92
449       -0.92
450       -0.92
451       -0.92
452       -0.92
453       -0.92
454       -0.92
455       -0.92
456       -0.92
457       -0.92
458       -0.92
459       -0.92
460       -0.92
461       -0.92
462       -0.92
463       -0.92
464       -0.92
465       -0.92
466       -0.92
467       -0.92
468       -0.92
469       -0.92
470       -0.92
471       -0.92
472       -0.92
473       -0.92
474       -0.92
475       -0.92
476       -0.92
477       -0.92
478       -0.92
479       -0.92
480       -0.92
481       -0.92
482       -0.92
483       -0.92
484       -0.92
485       -0.92
486       -0.92
487       -0.92
488       -0.92
489       -0.92
490       -0.92
491       -0.92
492       -0.92
493       -0.92
494       -0.92
495       -0.92
496       -0.92
497       -0.92
498       -0.92
499       -0.92
500       -0.92
501       -0.92
502       -0.92
503       -0.92
504       -0.92
505       -0.92
506       -0.92
507       -0.92
508       -0.92
509       -0.92
510       -0.92
511       -0.92
512       -0.92
513       -0.84
514       -0.92
515       -0.92
516       -0.92
517       -0.92
518       -0.92
519       -0.92
520       -0.92
521       -0.92
522       -0.92
523       -0.92
524       -0.92
525       -0.92
526       -0.92
527       -0.92
528       -0.92
529       -0.92
530       -0.92
531       -0.92
532       -0.92
533       -0.92
534       -0.92
535       -0.92
536       -0.92
537       -0.92
538       -0.92
539       -0.84
540       -0.92
541       -0.92
542       -0.92
543       -0.92
544       -0.84
545       -0.84
546       -0.84
547       -0.84
548       -0.84
549       -0.84
550       -0.84
551       -0.84
552       -0.84
553       -0.84
554       -0.84
555       -0.84
556       -0.84
557       -0.84
558       -0.84
559       -0.84
560       -0.84
561       -0.84
562       -0.84
563       -0.84
564       -0.84
565       -0.84
566       -0.84
567       -0.84
568       -0.84
569       -0.92
570       -0.84
571       -0.84
572       -0.84
573       -0.84
574       -0.84
575       -0.84
576       -0.84
577       -0.84
578       -0.84
579       -0.84
580       -0.84
581       -0.84
582       -0.84
583       -0.84
584       -0.84
585       -0.84
586       -0.84
587       -0.84
588       -0.84
589       -0.84
590       -0.84
591       -0.84
592       -0.84
593       -0.84
594       -0.84
595       -0.84
596       -0.84
597       -0.84
598       -0.84
599       -0.92
600       -0.92
601       -0.92
602       -0.92
603       -0.92
604       -0.92
605       -0.92
606       -0.92
607       -0.92
608       -0.92
609       -0.92
610       -0.92
611       -0.92
612       -0.92
613       -0.92
614       -0.92
615       -0.92
616       -0.92
617       -0.92
618       -0.92
619       -0.92
620       -0.92
621       -0.92
622       -0.92
623       -0.92
624       -0.92
625       -0.92
626       -0.92
627       -0.92
628       -0.92
629       -0.92
630       -0.92
631       -0.92
632       -0.92
633       -0.92
634       -0.92
635       -0.92
636       -0.92
637       -0.92
638       -0.92
639       -0.92
640       -0.92
641       -0.92
642       -0.92
643       -0.92
644       -0.92
645       -0.92
646       -0.92
647       -0.92
648       -0.92
649       -0.92
650       -0.92
651       -0.92
652       -0.92
653       -0.92
654       -0.92
655       -0.92
656       -0.92
657       -0.92
658       -0.92
659       -0.92
660       -0.92
661       -0.84
662       -0.84
663       -0.84
664       -0.84
665       -0.84
666       -0.84
667       -0.84
668       -0.92
669       -0.92
670       -0.92
671       -0.92
672       -0.92
673       -0.92
674       -0.92
675       -0.92
676       -0.92
677       -0.92
678       -0.92
679       -0.92
680       -0.92
681       -0.92
682       -0.92
683       -0.92
684       -0.92
685       -0.92
686       -0.92
687       -0.92
688       -0.92
689       -0.92
690       -0.84
691       -0.84
692       -0.92
693       -0.92
694       -0.92
695       -0.92
696       -0.92
697       -0.92
698       -0.92
699       -0.92
700       -0.92
701       -0.92
702       -0.92
703       -0.92
704       -0.92
705       -0.92
706       -0.92
707       -0.92
708       -0.92
709       -0.92
710       -0.92
711       -0.92
712       -0.92
713       -0.92
714       -0.92
715       -0.92
716       -0.92
717       -0.92
718       -0.92
719       -0.92
720       -0.92
721       -0.92
722       -0.92
723       -0.92
724       -0.92
725       -0.92
726       -0.92
727       -0.92
728       -0.84
729       -0.84
730       -0.84
731       -0.84
732       -0.84
733       -0.84
734       -0.84
735       -0.84
736       -0.84
737       -0.84
738       -0.84
739       -0.84
740       -0.84
741       -0.84
742       -0.84
743       -0.84
744       -0.84
745       -0.84
746       -0.84
747       -0.84
748       -0.84
749       -0.84
750       -0.84
751       -0.84
752       -0.84
753       -0.84
754       -0.84
755       -0.84
756       -0.84
757       -0.84
758       -0.84
759       -0.84
760       -0.84
761       -0.84
762       -0.84
763       -0.84
764       -0.84
765       -0.84
766       -0.76
767       -0.84
768       -0.84
769       -0.84
770       -0.84
771       -0.84
772       -0.84
773       -0.84
774       -0.84
775       -0.84
776       -0.84
777       -0.84
778       -0.84
779       -0.84
780       -0.84
781       -0.84
782       -0.92
783       -0.92
784       -0.92
785       -0.92
786       -0.92
787       -0.92
788       -0.92
789       -0.84
790       -0.84
791       -0.92
792       -0.92
793       -0.92
794       -0.92
795       -0.92
796       -0.92
797       -0.92
798       -0.92
799       -0.92
800       -0.92
801       -0.92
802       -0.92
803       -0.92
804       -0.92
805       -0.92
806       -0.92
807       -0.92
808       -0.92
809       -0.92
810       -0.92
811       -0.92
812       -0.92
813       -0.92
814       -0.92
815       -0.92
816       -0.92
817       -0.92
818       -0.92
819       -0.92
820       -0.92
821       -0.92
822       -0.92
823       -0.92
824       -0.92
825       -0.92
826       -0.92
827       -0.92
828       -0.92
829       -0.92
830       -0.92
831       -0.92
832       -0.92
833       -0.92
834       -0.92
835       -0.92
836       -0.92
837       -0.92
838       -0.92
839       -0.92
840       -0.92
841       -0.92
842       -0.92
843       -0.92
844       -0.92
845       -0.92
846       -0.92
847       -0.92
848       -0.92
849       -0.92
850       -0.92
851       -0.92
852       -0.92
853       -0.92
854       -0.92
855       -0.92
856       -0.92
857       -0.92
858       -0.92
859       -0.92
860       -0.92
861       -0.92
862       -0.92
863       -0.92
864       -0.92
865       -0.92
866       -0.92
867       -0.92
868       -0.92
869       -0.92
870       -0.92
871       -0.92
872       -0.92
873       -0.92
874       -0.92
875       -0.92
876       -0.92
877       -0.92
878       -0.92
879       -0.92
880       -0.92
881       -0.92
882       -0.92
883       -0.92
884       -0.92
885       -0.92
886       -0.92
887       -0.92
888       -0.92
889       -0.92
890       -0.92
891       -0.92
892       -0.92
893       -0.92
894       -0.92
895       -0.92
896       -0.92
897       -0.92
898       -0.92
899       -0.92
900       -0.92
901       -0.92
902       -0.92
903       -0.92
904       -0.92
905       -0.92
906       -0.92
907       -0.92
908       -0.92
909       -0.92
910       -0.92
911       -0.92
912       -0.92
913       -0.92
914       -0.92
915       -0.92
916       -0.92
917       -0.92
918       -0.92
919       -0.92
920       -0.92
921       -0.92
922       -0.92
923       -0.92
924       -0.92
925       -0.92
926       -0.92
927       -0.92
928       -0.92
929       -0.92
930       -0.92
931       -0.92
932       -0.92
933       -0.92
934       -0.92
935       -0.92
936       -0.92
937       -0.92
938       -0.92
939       -0.92
940       -0.92
941       -0.92
942       -0.92
943       -0.92
944       -0.92
945       -0.92
946       -0.92
947       -0.92
948       -0.92
949       -0.92
950       -0.92
951       -0.92
952       -0.92
953       -0.92
954       -0.92
955       -0.92
956       -0.92
957       -0.92
958       -0.92
959       -0.92
960       -0.92
961       -0.92
962       -0.92
963       -0.92
964       -0.92
965       -0.92
966       -0.92
967       -0.92
968       -0.92
969       -0.92
970       -0.92
971       -0.92
972       -0.92
973       -0.92
974       -0.92
975       -0.92
976       -0.92
977       -0.92
978       -0.92
979       -0.92
980       -0.92
981       -0.92
982       -0.92
983       -0.92
984       -0.92
985       -0.92
986       -0.92
987       -0.92
988       -0.92
989       -0.84
990       -0.84
991       -0.84
992       -0.84
993       -0.84
994       -0.84
995       -0.84
996       -0.92
997       -0.92
998       -0.92
999       -0.92
1000       -0.92
1001       -0.92
1002       -0.92
1003       -0.92
1004       -0.92
1005       -0.92
1006       -0.92
1007       -0.92
1008       -0.92
1009       -0.92
1010       -0.92
1011       -0.92
1012       -0.92
1013       -0.92
1014       -0.92
1015       -0.92
1016       -0.92
1017       -0.92
1018       -0.92
1019       -0.92
1020       -0.92
1021       -0.92
1022       -0.92
1023       -0.92
1024       -0.92
1025       -0.92
1026       -0.92
1027       -0.92
1028       -0.92
1029       -0.92
1030       -0.92
1031       -0.92
1032       -0.92
1033       -0.92
1034       -0.92
1035       -0.92
1036       -0.92
1037       -0.92
1038       -0.92
1039       -0.92
1040       -0.92
1041       -0.92
1042       -0.92
1043       -0.92
1044       -0.92
1045       -0.92
1046       -0.92
1047       -0.92
1048       -0.92
1049       -0.92
1050       -0.92
1051       -0.92
1052       -0.92
1053       -0.92
1054       -0.92
1055       -0.92
1056       -0.92
1057       -0.92
1058       -0.92
1059       -0.92
1060       -0.92
1061       -0.92
1062       -0.92
1063       -0.92
1064       -0.92
1065       -0.92
1066       -0.92
1067       -0.92
1068       -0.92
1069       -0.92
1070       -0.92
1071       -0.92
1072       -0.92
1073       -0.92
1074       -0.92
1075       -0.92
1076       -0.92
1077       -0.92
1078       -0.92
1079       -0.92
1080       -0.92
1081       -0.92
1082       -0.92
1083       -0.92
1084       -0.92
1085       -0.92
1086       -0.92
1087       -0.92
1088       -0.92
1089       -0.92
1090       -0.92
1091       -0.92
1092       -0.92
1093       -0.92
1094       -0.92
1095       -0.92
1096       -0.92
1097       -0.92
1098       -0.92
1099       -0.92
1100       -0.92
1101       -0.92
1102       -0.92
1103       -0.92
1104          -1
1105          -1
1106          -1
1107          -1
1108          -1
1109          -1
1110          -1
1111          -1
1112          -1
1113          -1
1114          -1
1115          -1
1116          -1
1117          -1
1118          -1
1119          -1
1120          -1
1121          -1
1122          -1
1123          -1
1124          -1
1125          -1
1126       -0.92
1127       -0.92
1128       -0.92
1129       -0.92
1130       -0.92
1131       -0.92
1132       -0.92
1133       -0.92
1134       -0.92
1135       -0.92
1136       -0.92
1137       -0.92
1138       -0.92
1139          -1
1140          -1
1141          -1
1142          -1
1143          -1
1144          -1
1145          -1
1146          -1
1147          -1
1148          -1
1149          -1
1150          -1
1151          -1
1152          -1
1153          -1
1154          -1
1155          -1
1156          -1
1157          -1
1158          -1
1159          -1
1160          -1
1161          -1
1162          -1
1163          -1
1164          -1
1165          -1
1166          -1
1167          -1
1168          -1
1169          -1
1170          -1
1171          -1
1172          -1
1173          -1
1174          -1
1175          -1
1176          -1
1177          -1
1178          -1
1179          -1
1180          -1
1181          -1
1182          -1
1183          -1
1184          -1
1185          -1
1186          -1
1187          -1
1188          -1
1189          -1
1190          -1
1191          -1
1192          -1
1193          -1
1194          -1
1195          -1
1196          -1
1197          -1
1198          -1
1199          -1
1200          -1
1201          -1
1202          -1
1203          -1
1204          -1
1205          -1
1206          -1
1207          -1
1208          -1
1209          -1
1210          -1
1211          -1
1212          -1
1213          -1
1214          -1
1215          -1
1216          -1
1217          -1
1218          -1
1219          -1
1220          -1
1221          -1
1222          -1
1223          -1
1224          -1
1225          -1
1226          -1
1227          -1
1228          -1
1229          -1
1230          -1
1231          -1
1232          -1
1233          -1
1234          -1
1235          -1
1236          -1
1237          -1
1238          -1
1239          -1
1240          -1
1241          -1
1242          -1
1243          -1
1244          -1
1245          -1
1246          -1
1247          -1
1248          -1
1249          -1
1250          -1
1251          -1
1252          -1
1253          -1
1254          -1
1255          -1
1256          -1
1257          -1
1258          -1
1259          -1
1260          -1
1261          -1
1262          -1
1263          -1
1264          -1
1265          -1
1266          -1
1267          -1
1268          -1
1269          -1
1270          -1
1271          -1
1272          -1
1273          -1
1274          -1
1275          -1
1276          -1
1277          -1
1278          -1
1279          -1
1280          -1
1281          -1
1282          -1
1283          -1
1284          -1
1285          -1
1286          -1
1287          -1
1288          -1
1289          -1
1290          -1
1291          -1
1292          -1
1293          -1
1294          -1
1295          -1
1296          -1
1297          -1
1298          -1
1299          -1
1300          -1
1301          -1
1302          -1
1303          -1
1304          -1
1305          -1
1306          -1
1307          -1
1308          -1
1309          -1
1310          -1
1311          -1
1312          -1
1313          -1
1314          -1
1315          -1
1316       -0.92
1317          -1
1318          -1
1319          -1
1320          -1
1321          -1
1322          -1
1323          -1
1324          -1
1325          -1
1326          -1
1327          -1
1328          -1
1329          -1
1330          -1
1331          -1
1332          -1
1333          -1
1334          -1
1335          -1
1336          -1
1337          -1
1338          -1
1339          -1
1340          -1
1341          -1
1342          -1
1343          -1
1344          -1
1345          -1
1346          -1
1347       -0.92
1348       -0.92
1349       -0.84
1350       -0.84
1351       -0.84
1352       -0.84
1353       -0.84
1354       -0.92
1355       -0.92
1356       -0.92
1357       -0.92
1358       -0.92
1359          -1
1360          -1
1361          -1
1362          -1
1363          -1
1364          -1
1365          -1
1366          -1
1367          -1
1368          -1
1369          -1
1370          -1
1371          -1
1372          -1
1373          -1
1374          -1
1375          -1
1376          -1
1377          -1
1378          -1
1379          -1
1380          -1
1381          -1
1382          -1
1383          -1
1384          -1
1385          -1
1386          -1
1387          -1
1388          -1
1389          -1
1390          -1
1391          -1
1392          -1
1393          -1
1394          -1
1395          -1
1396          -1
1397          -1
1398          -1
1399          -1
1400          -1
1401          -1
1402       -0.92
1403          -1
1404          -1
1405          -1
1406          -1
1407          -1
1408          -1
1409          -1
1410          -1
1411          -1
1412          -1
1413          -1
1414          -1
1415          -1
1416          -1
1417          -1
1418          -1
1419          -1
1420          -1
1421          -1
1422       -0.92
1423          -1
1424          -1
1425          -1
1426          -1
1427          -1
1428          -1
1429          -1
1430          -1
1431          -1
1432          -1
1433          -1
1434          -1
1435          -1
1436          -1
1437          -1
1438          -1
1439          -1
1440          -1
1441          -1
1442          -1
1443          -1
1444          -1
1445          -1
1446          -1
1447          -1
1448          -1
1449          -1
1450          -1
1451          -1
1452          -1
1453          -1
1454          -1
1455          -1
1456          -1
1457          -1
1458          -1
1459          -1
1460          -1
1461          -1
1462          -1
1463          -1
1464          -1
1465          -1
1466          -1
1467          -1
1468          -1
1469          -1
1470          -1
1471          -1
1472          -1
1473          -1
1474          -1
1475          -1
1476          -1
1477          -1
1478          -1
1479          -1
1480          -1
1481          -1
1482          -1
1483          -1
1484          -1
1485          -1
1486          -1
1487          -1
1488          -1
1489          -1
1490          -1
1491       -0.92
1492       -0.92
1493       -0.92
1494          -1
1495          -1
1496          -1
1497          -1
1498          -1
1499          -1
1500          -1
1501          -1
1502          -1
1503          -1
1504          -1
1505          -1
1506          -1
1507          -1
1508          -1
1509          -1
1510          -1
1511          -1
1512          -1
1513          -1
1514          -1
1515          -1
1516          -1
1517          -1
1518          -1
1519          -1
1520          -1
1521          -1
1522          -1
1523          -1
1524          -1
1525          -1
1526          -1
1527          -1
1528          -1
1529          -1
1530          -1
1531          -1
1532          -1
1533          -1
1534       -0.92
1535       -0.92
1536       -0.92
1537       -0.92
1538       -0.92
1539       -0.92
1540       -0.92
1541       -0.92
1542       -0.92
1543       -0.92
1544       -0.92
1545       -0.92
1546       -0.92
1547       -0.92
1548       -0.92
1549       -0.92
1550       -0.92
1551       -0.92
1552       -0.92
1553       -0.92
1554       -0.92
1555       -0.92
1556       -0.92
1557       -0.92
1558       -0.92
1559       -0.92
1560       -0.92
1561       -0.92
1562       -0.92
1563       -0.92
1564       -0.92
1565       -0.92
1566       -0.92
1567       -0.92
1568       -0.92
1569       -0.92
1570       -0.92
1571       -0.92
1572       -0.92
1573       -0.92
1574       -0.92
1575       -0.92
1576       -0.92
1577       -0.92
1578       -0.92
1579       -0.92
1580       -0.92
1581       -0.92
1582       -0.92
1583       -0.92
1584       -0.92
1585       -0.92
1586       -0.92
1587       -0.92
1588       -0.92
1589       -0.92
1590       -0.92
1591       -0.92
1592       -0.92
1593       -0.92
1594       -0.92
1595       -0.92
1596       -0.92
1597       -0.92
1598       -0.92
1599       -0.92
1600       -0.92
1601       -0.92
1602       -0.92
1603       -0.92
1604       -0.92
1605       -0.92
1606       -0.92
1607       -0.92
1608       -0.92
1609       -0.92
1610       -0.92
1611       -0.92
1612       -0.92
1613       -0.92
1614       -0.92
1615       -0.92
1616       -0.92
1617       -0.92
1618       -0.92
1619       -0.92
1620       -0.92
1621       -0.92
1622       -0.92
1623       -0.92
1624       -0.92
1625       -0.92
1626       -0.92
1627       -0.92
1628       -0.92
1629       -0.92
1630       -0.92
1631       -0.92
1632       -0.92
1633       -0.92
1634       -0.92
1635       -0.92
1636       -0.92
1637       -0.92
1638       -0.92
1639       -0.92
1640       -0.92
1641       -0.92
1642       -0.92
1643       -0.92
1644       -0.92
1645       -0.84
1646       -0.84
1647       -0.84
1648       -0.84
1649       -0.84
1650       -0.84
1651       -0.84
1652       -0.84
1653       -0.84
1654       -0.84
1655       -0.84
1656       -0.84
1657       -0.92
1658       -0.92
1659       -0.92
1660       -0.92
1661       -0.92
1662       -0.92
1663       -0.92
1664       -0.92
1665       -0.92
1666       -0.92
1667       -0.92
1668       -0.92
1669       -0.92
1670       -0.92
1671       -0.92
1672       -0.92
1673       -0.92
1674       -0.92
1675       -0.92
1676       -0.92
1677       -0.92
1678       -0.92
1679       -0.92
1680       -0.92
1681       -0.92
1682       -0.92
1683       -0.92
1684       -0.92
1685       -0.92
1686       -0.92
1687       -0.92
1688       -0.92
1689       -0.92
1690       -0.92
1691       -0.92
1692       -0.92
1693       -0.92
1694       -0.92
1695       -0.92
1696       -0.92
1697       -0.92
1698       -0.92
1699       -0.92
1700       -0.92
1701       -0.92
1702       -0.92
1703       -0.92
1704       -0.92
1705       -0.92
1706       -0.92
1707       -0.92
1708       -0.92
1709       -0.92
1710       -0.92
1711       -0.92
1712       -0.92
1713       -0.92
1714       -0.92
1715       -0.92
1716       -0.92
1717       -0.92
1718       -0.92
1719       -0.92
1720       -0.92
1721       -0.92
1722       -0.92
1723       -0.92
1724       -0.92
1725       -0.92
1726       -0.92
1727       -0.92
1728       -0.92
1729       -0.92
1730       -0.92
1731       -0.92
1732       -0.92
1733       -0.92
1734       -0.92
1735       -0.92
1736       -0.92
1737       -0.92
1738       -0.92
1739       -0.92
1740       -0.92
1741       -0.92
1742       -0.92
1743       -0.92
1744       -0.92
1745       -0.92
1746       -0.92
1747       -0.92
1748       -0.92
1749       -0.92
1750       -0.92
1751       -0.92
1752       -0.92
1753       -0.92
1754       -0.92
1755       -0.92
1756       -0.92
1757       -0.92
1758       -0.92
1759       -0.92
1760       -0.92
1761       -0.92
1762       -0.92
1763       -0.84
1764       -0.92
1765       -0.92
1766       -0.92
1767       -0.92
1768       -0.92
1769       -0.92
1770       -0.92
1771       -0.92
1772       -0.92
1773       -0.92
1774       -0.92
1775       -0.92
1776       -0.92
1777       -0.92
1778       -0.84
1779       -0.84
1780       -0.84
1781       -0.84
1782       -0.84
1783       -0.84
1784       -0.84
1785       -0.84
1786       -0.84
1787       -0.84
1788       -0.84
1789       -0.84
1790       -0.84
1791       -0.84
1792       -0.84
1793       -0.84
1794       -0.84
1795       -0.84
1796       -0.84
1797       -0.84
1798       -0.84
1799       -0.84
1800       -0.84
1801       -0.84
1802       -0.84
1803       -0.84
1804       -0.84
1805       -0.84
1806       -0.84
1807       -0.84
1808       -0.92
1809       -0.92
1810       -0.92
1811       -0.92
1812       -0.92
1813       -0.92
1814       -0.92
1815       -0.92
1816       -0.92
1817       -0.92
1818       -0.92
1819       -0.92
1820       -0.92
1821       -0.92
1822       -0.92
1823       -0.92
1824       -0.92
1825       -0.92
1826       -0.92
1827       -0.92
1828       -0.92
1829       -0.92
1830       -0.92
1831       -0.92
1832       -0.92
1833       -0.92
1834       -0.92
1835       -0.92
1836       -0.92
1837       -0.92
1838       -0.92
1839       -0.92
1840       -0.92
1841       -0.92
1842       -0.92
1843       -0.92
1844       -0.92
1845       -0.92
1846       -0.92
1847       -0.92
1848       -0.92
1849       -0.92
1850       -0.92
1851       -0.92
1852       -0.92
1853       -0.92
1854       -0.92
1855       -0.92
1856       -0.92
1857       -0.92
1858       -0.92
1859       -0.92
1860       -0.92
1861       -0.92
1862       -0.92
1863       -0.92
1864       -0.92
1865       -0.92
1866       -0.92
1867       -0.92
1868       -0.92
1869       -0.92
1870       -0.92
1871       -0.92
1872       -0.92
1873       -0.92
1874       -0.92
1875       -0.92
1876       -0.92
1877       -0.92
1878       -0.92
1879       -0.92
1880       -0.92
1881       -0.92
1882       -0.92
1883       -0.92
1884       -0.92
1885       -0.92
1886       -0.92
1887       -0.92
1888       -0.92
1889       -0.92
1890       -0.92
1891       -0.92
1892       -0.92
1893       -0.92
1894       -0.92
1895       -0.92
1896       -0.92
1897       -0.92
1898       -0.92
1899       -0.92
1900       -0.92
1901       -0.92
1902       -0.92
1903       -0.92
1904       -0.84
1905       -0.84
1906       -0.84
1907       -0.84
1908       -0.84
1909       -0.84
1910       -0.92
1911       -0.92
1912       -0.92
1913       -0.92
1914       -0.92
1915       -0.92
1916       -0.92
1917       -0.92
1918       -0.92
1919       -0.92
1920       -0.92
1921       -0.92
1922       -0.92
1923       -0.92
1924       -0.92
1925       -0.92
1926       -0.92
1927       -0.92
1928       -0.92
1929       -0.92
1930       -0.92
1931       -0.92
1932       -0.92
1933       -0.92
1934       -0.92
1935       -0.92
1936       -0.92
1937       -0.92
1938       -0.92
1939       -0.92
1940       -0.92
1941       -0.92
1942       -0.92
1943       -0.92
1944       -0.92
1945       -0.92
1946       -0.92
1947       -0.92
1948       -0.92
1949       -0.92
1950       -0.92
1951       -0.92
1952       -0.92
1953       -0.92
1954       -0.92
1955       -0.92
1956       -0.92
1957       -0.92
1958       -0.92
1959       -0.92
1960       -0.92
1961       -0.92
1962       -0.92
1963       -0.92
1964       -0.92
1965       -0.92
1966       -0.92
1967       -0.92
1968       -0.92
1969       -0.92
1970       -0.92
1971       -0.92
1972       -0.92
1973       -0.92
1974       -0.92
1975       -0.92
1976       -0.92
1977       -0.92
1978       -0.92
1979       -0.92
1980       -0.92
1981       -0.92
1982       -0.92
1983       -0.92
1984       -0.92
1985       -0.92
1986       -0.92
1987       -0.92
1988       -0.92
1989       -0.92
1990       -0.92
1991       -0.92
1992       -0.92
1993       -0.92
1994       -0.92
1995       -0.92
1996       -0.84
1997       -0.84
1998       -0.84
1999       -0.92
2000       -0.92
2001       -0.92
2002       -0.92
2003       -0.92
2004       -0.92
2005       -0.92
2006       -0.92
2007       -0.92
2008       -0.92
2009       -0.92
2010       -0.92
2011       -0.92
2012       -0.92
2013       -0.92
2014       -0.92
2015       -0.92
2016       -0.92
2017       -0.92
2018       -0.92
2019       -0.92
2020       -0.92
2021       -0.92
2022       -0.92
2023       -0.92
2024       -0.92
2025       -0.92
2026       -0.92
2027       -0.92
2028       -0.92
2029       -0.92
2030       -0.92
2031       -0.92
2032       -0.92
2033       -0.92
2034       -0.92
2035       -0.92
2036       -0.92
2037       -0.92
2038       -0.92
2039       -0.92
2040       -0.92
2041       -0.92
2042       -0.92
2043       -0.92
2044       -0.92
2045       -0.92
2046       -0.92
2047       -0.92
2048       -0.92
2049       -0.92
2050       -0.92
2051       -0.92
2052       -0.92
2053       -0.92
2054       -0.92
2055       -0.92
2056       -0.92
2057       -0.92
2058       -0.92
2059       -0.92
2060       -0.92
2061       -0.92
2062       -0.92
2063       -0.92
2064       -0.92
2065       -0.92
2066       -0.92
2067       -0.92
2068       -0.92
2069       -0.92
2070       -0.92
2071       -0.92
2072       -0.92
2073       -0.92
2074       -0.92
2075       -0.92
2076       -0.92
2077       -0.92
2078       -0.92
2079       -0.92
2080       -0.92
2081       -0.92
2082       -0.92
2083       -0.92
2084       -0.92
2085       -0.92
2086       -0.92
2087       -0.92
2088       -0.92
2089       -0.92
2090       -0.92
2091       -0.92
2092       -0.92
2093       -0.92
2094       -0.92
2095       -0.92
2096       -0.92
2097       -0.92
2098       -0.84
2099       -0.84
2100       -0.92
2101       -0.92
2102       -0.84
2103       -0.92
2104       -0.92
2105       -0.92
2106       -0.92
2107       -0.92
2108       -0.92
2109       -0.92
2110       -0.92
2111       -0.92
2112       -0.92
2113       -0.92
2114       -0.92
2115       -0.92
2116       -0.92
2117       -0.92
2118       -0.92
2119       -0.92
2120       -0.92
2121       -0.92
2122       -0.92
2123       -0.92
2124       -0.92
2125       -0.92
2126       -0.92
2127       -0.92
2128       -0.92
2129       -0.92
2130       -0.92
2131       -0.84
2132       -0.84
2133       -0.84
2134       -0.92
2135       -0.92
2136       -0.92
2137       -0.92
2138       -0.92
2139       -0.92
2140       -0.92
2141       -0.92
2142       -0.92
2143       -0.92
2144       -0.92
2145       -0.92
2146       -0.92
2147       -0.92
2148       -0.92
2149       -0.92
2150       -0.92
2151       -0.92
2152       -0.92
2153       -0.92
2154       -0.92
2155       -0.92
2156       -0.92
2157       -0.92
2158       -0.92
2159       -0.92
2160       -0.92
2161       -0.92
2162       -0.92
2163       -0.92
2164       -0.92
2165       -0.92
2166       -0.92
2167       -0.92
2168       -0.92
2169       -0.92
2170       -0.92
2171       -0.92
2172          -1
2173          -1
2174          -1
2175          -1
2176          -1
2177          -1
2178          -1
2179          -1
2180          -1
2181          -1
2182          -1
2183          -1
2184          -1
2185          -1
2186          -1
2187          -1
2188          -1
2189          -1
2190          -1
2191          -1
2192          -1
2193          -1
2194          -1
2195          -1
2196          -1
2197          -1
2198          -1
2199          -1
2200          -1
2201          -1
2202          -1
2203          -1
2204          -1
2205          -1
2206          -1
2207          -1
2208          -1
2209          -1
2210          -1
2211          -1
2212          -1
2213          -1
2214          -1
2215          -1
2216          -1
2217          -1
2218          -1
2219          -1
2220          -1
2221          -1
2222          -1
2223          -1
2224          -1
2225          -1
2226          -1
2227          -1
2228          -1
2229          -1
2230          -1
2231          -1
2232          -1
2233          -1
2234          -1
2235          -1
2236          -1
2237          -1
2238          -1
2239          -1
2240          -1
2241          -1
2242          -1
2243          -1
2244          -1
2245          -1
2246          -1
2247          -1
2248          -1
2249          -1
2250          -1
2251          -1
2252          -1
2253          -1
2254          -1
2255          -1
2256          -1
2257          -1
2258          -1
2259          -1
2260          -1
2261          -1
2262          -1
2263          -1
2264          -1
2265          -1
2266          -1
2267          -1
2268          -1
2269          -1
2270          -1
2271          -1
2272          -1
2273          -1
2274          -1
2275          -1
2276          -1
2277          -1
2278          -1
2279          -1
2280          -1
2281          -1
2282          -1
2283          -1
2284          -1
2285          -1
2286          -1
2287          -1
2288          -1
2289          -1
2290          -1
2291          -1
2292          -1
2293          -1
2294          -1
2295          -1
2296          -1
2297          -1
2298          -1
2299          -1
2300          -1
2301          -1
2302          -1
2303          -1
2304          -1
2305          -1
2306          -1
2307          -1
2308          -1
2309          -1
2310          -1
2311          -1
2312          -1
2313          -1
2314          -1
2315          -1
2316          -1
2317          -1
2318          -1
2319          -1
2320          -1
2321          -1
2322          -1
2323          -1
2324          -1
2325          -1
2326          -1
2327          -1
2328          -1
2329          -1
2330          -1
2331          -1
2332          -1
2333          -1
2334          -1
2335          -1
2336          -1
2337          -1
2338          -1
2339          -1
2340          -1
2341          -1
2342          -1
2343          -1
2344          -1
2345       -0.92
2346          -1
2347          -1
2348          -1
2349          -1
2350          -1
2351          -1
2352          -1
2353          -1
2354          -1
2355          -1
2356          -1
2357          -1
2358          -1
2359          -1
2360          -1
2361          -1
2362          -1
2363          -1
2364          -1
2365          -1
2366          -1
2367          -1
2368          -1
2369          -1
2370          -1
2371          -1
2372          -1
2373          -1
2374          -1
2375          -1
2376          -1
2377          -1
2378          -1
2379          -1
2380          -1
2381          -1
2382          -1
2383          -1
2384          -1
2385          -1
2386          -1
2387          -1
2388          -1
2389          -1
2390          -1
2391          -1
2392          -1
2393          -1
2394          -1
2395          -1
2396          -1
2397          -1
2398          -1
2399          -1
2400          -1
2401          -1
2402          -1
2403          -1
2404          -1
2405          -1
2406          -1
2407          -1
2408          -1
2409          -1
2410          -1
2411          -1
2412          -1
2413          -1
2414          -1
2415          -1
2416          -1
2417          -1
2418          -1
2419          -1
2420          -1
2421          -1
2422          -1
2423          -1
2424          -1
2425          -1
2426          -1
2427          -1
2428          -1
2429          -1
2430          -1
2431          -1
2432          -1
2433          -1
2434          -1
2435          -1
2436          -1
2437          -1
2438          -1
2439          -1
2440          -1
2441          -1
2442          -1
2443          -1
2444          -1
2445          -1
2446          -1
2447          -1
2448          -1
2449          -1
2450          -1
2451          -1
2452          -1
2453          -1
2454          -1
2455          -1
2456          -1
2457          -1
2458          -1
2459          -1
2460          -1
2461          -1
2462          -1
2463          -1
2464          -1
2465          -1
2466          -1
2467          -1
2468          -1
2469          -1
2470          -1
2471          -1
2472          -1
2473          -1
2474          -1
2475          -1
2476          -1
2477          -1
2478          -1
2479          -1
2480          -1
2481          -1
2482          -1
2483          -1
2484          -1
2485          -1
2486          -1
2487          -1
2488          -1
2489          -1
2490          -1
2491          -1
2492          -1
2493          -1
2494          -1
2495          -1
2496          -1
2497          -1
2498          -1
2499          -1
2500          -1
2501          -1
2502          -1
2503          -1
2504          -1
2505          -1
2506          -1
2507          -1
2508          -1
2509          -1
2510          -1
2511          -1
2512          -1
2513          -1
2514          -1
2515          -1
2516          -1
2517          -1
2518          -1
2519          -1
2520          -1
2521          -1
2522          -1
2523          -1
2524          -1
2525          -1
2526          -1
2527          -1
2528          -1
2529          -1
2530          -1
2531          -1
2532          -1
2533          -1
2534          -1
2535          -1
2536          -1
2537          -1
2538          -1
2539          -1
2540          -1
2541          -1
2542          -1
2543          -1
2544          -1
2545          -1
2546          -1
2547          -1
2548          -1
2549          -1
2550          -1
2551          -1
2552          -1
2553          -1
2554          -1
2555          -1
2556          -1
2557          -1
2558          -1
2559          -1
2560          -1
2561          -1
2562       -0.92
2563          -1
2564          -1
2565          -1
2566          -1
2567          -1
2568          -1
2569          -1
2570          -1
2571          -1
2572          -1
2573          -1
2574          -1
2575          -1
2576          -1
2577          -1
2578          -1
2579          -1
2580          -1
2581          -1
2582          -1
2583          -1
2584          -1
2585          -1
2586          -1
2587          -1
2588          -1
2589          -1
2590          -1
2591          -1
2592          -1
2593          -1
2594          -1
2595          -1
2596          -1
2597          -1
2598       -0.92
2599       -0.92
2600       -0.92
2601       -0.92
2602          -1
2603          -1
2604          -1
2605          -1
2606          -1
2607          -1
2608          -1
2609          -1
2610          -1
2611          -1
2612          -1
2613          -1
2614          -1
2615          -1
2616          -1
2617       -0.92
2618       -0.92
2619       -0.92
2620       -0.92
2621       -0.92
2622          -1
2623          -1
2624          -1
2625          -1
2626          -1
2627          -1
2628          -1
2629          -1
2630          -1
2631          -1
2632          -1
2633          -1
2634          -1
2635          -1
2636          -1
2637          -1
2638          -1
2639          -1
2640          -1
2641          -1
2642          -1
2643          -1
2644          -1
2645          -1
2646          -1
2647          -1
2648          -1
2649          -1
2650          -1
2651          -1
2652          -1
2653          -1
2654          -1
2655          -1
2656          -1
2657          -1
2658          -1
2659          -1
2660          -1
2661          -1
2662          -1
2663          -1
2664          -1
2665          -1
2666          -1
2667          -1
2668          -1
2669          -1
2670          -1
2671          -1
2672          -1
2673          -1
2674          -1
2675          -1
2676          -1
2677          -1
2678          -1
2679          -1
2680          -1
2681          -1
2682          -1
2683          -1
2684          -1
2685          -1
2686          -1
2687          -1
2688          -1
2689          -1
2690          -1
2691          -1
2692          -1
2693          -1
2694          -1
2695          -1
2696          -1
2697          -1
2698          -1
2699          -1
2700          -1
2701          -1
2702          -1
2703          -1
2704          -1
2705          -1
2706          -1
2707          -1
2708          -1
2709          -1
2710          -1
2711          -1
2712          -1
2713          -1
2714          -1
2715          -1
2716          -1
2717          -1
2718          -1
2719          -1
2720          -1
2721          -1
2722          -1
2723          -1
2724          -1
2725          -1
2726          -1
2727          -1
2728          -1
2729          -1
2730          -1
2731          -1
2732          -1
2733          -1
2734          -1
2735          -1
2736          -1
2737          -1
2738          -1
2739          -1
2740          -1
2741          -1
2742          -1
2743          -1
2744          -1
2745          -1
2746          -1
2747          -1
2748          -1
2749          -1
2750          -1
2751          -1
2752          -1
2753          -1
2754          -1
2755          -1
2756          -1
2757          -1
2758          -1
2759          -1
2760          -1
2761          -1
2762          -1
2763          -1
2764          -1
2765          -1
2766          -1
2767          -1
2768          -1
2769          -1
2770          -1
2771          -1
2772          -1
2773          -1
2774          -1
2775          -1
2776          -1
2777          -1
2778          -1
2779          -1
2780          -1
2781          -1
2782          -1
2783          -1
2784          -1
2785          -1
2786          -1
2787          -1
2788          -1
2789          -1
2790          -1
2791          -1
2792          -1
2793          -1
2794          -1
2795          -1
2796          -1
2797          -1
2798          -1
2799          -1
2800          -1
2801          -1
2802          -1
2803          -1
2804       -0.92
2805          -1
2806          -1
2807          -1
2808          -1
2809          -1
2810          -1
2811          -1
2812          -1
2813          -1
2814          -1
2815          -1
2816          -1
2817          -1
2818          -1
2819          -1
2820          -1
2821          -1
2822          -1
2823          -1
2824          -1
2825       -0.92
2826       -0.92
2827       -0.92
2828       -0.92
2829       -0.92
2830       -0.92
2831       -0.92
2832       -0.92
2833       -0.92
2834       -0.92
2835       -0.92
2836       -0.92
2837       -0.92
2838       -0.92
2839       -0.92
2840       -0.92
2841       -0.92
2842       -0.92
2843       -0.92
2844       -0.92
2845       -0.92
2846       -0.92
2847       -0.92
2848       -0.92
2849       -0.92
2850       -0.92
2851       -0.92
2852       -0.92
2853       -0.92
2854       -0.92
2855       -0.92
2856       -0.92
2857       -0.92
2858       -0.92
2859       -0.92
2860       -0.92
2861       -0.92
2862       -0.92
2863       -0.92
2864       -0.92
2865       -0.92
2866       -0.92
2867       -0.92
2868       -0.92
2869       -0.92
2870       -0.92
2871       -0.92
2872       -0.92
2873       -0.92
2874       -0.92
2875       -0.92
2876       -0.92
2877       -0.92
2878       -0.92
2879       -0.92
2880       -0.92
2881       -0.92
2882          -1
2883          -1
2884          -1
2885          -1
2886          -1
2887          -1
2888          -1
2889          -1
2890          -1
2891          -1
2892          -1
2893          -1
2894          -1
2895          -1
2896          -1
2897          -1
2898          -1
2899          -1
2900          -1
2901          -1
2902          -1
2903          -1
2904          -1
2905          -1
2906          -1
2907          -1
2908          -1
2909          -1
2910          -1
2911          -1
2912          -1
2913          -1
2914          -1
2915          -1
2916          -1
2917          -1
2918          -1
2919          -1
2920          -1
2921          -1
2922          -1
2923          -1
2924          -1
2925          -1
2926          -1
2927          -1
2928          -1
2929          -1
2930          -1
2931          -1
2932          -1
2933          -1
2934          -1
2935          -1
2936          -1
2937          -1
2938          -1
2939          -1
2940          -1
2941          -1
2942          -1
2943          -1
2944          -1
2945          -1
2946          -1
2947          -1
2948          -1
2949          -1
2950          -1
2951          -1
2952          -1
2953          -1
2954          -1
2955          -1
2956          -1
2957          -1
2958          -1
2959          -1
2960          -1
2961          -1
2962          -1
2963          -1
2964          -1
2965          -1
2966          -1
2967          -1
2968          -1
2969          -1
2970          -1
2971          -1
2972          -1
2973          -1
2974          -1
2975          -1
2976          -1
2977          -1
2978          -1
2979          -1
2980          -1
2981          -1
2982          -1
2983          -1
2984          -1
2985          -1
2986          -1
2987          -1
2988          -1
2989          -1
2990          -1
2991          -1
2992          -1
2993          -1
2994          -1
2995          -1
2996          -1
2997          -1
2998          -1
2999          -1
3000          -1
3001          -1
3002          -1
3003          -1
3004          -1
3005          -1
3006          -1
3007          -1
3008          -1
3009          -1
3010          -1
3011          -1
3012          -1
3013          -1
3014          -1
3015          -1
3016          -1
3017          -1
3018          -1
3019          -1
3020          -1
3021          -1
3022          -1
3023          -1
3024          -1
3025          -1
3026          -1
3027          -1
3028          -1
3029          -1
3030          -1
3031          -1
3032          -1
3033          -1
3034          -1
3035          -1
3036          -1
3037          -1
3038          -1
3039          -1
3040          -1
3041          -1
3042          -1
3043          -1
3044          -1
3045          -1
3046          -1
3047          -1
3048          -1
3049          -1
3050          -1
3051          -1
3052          -1
3053          -1
3054          -1
3055          -1
3056          -1
3057          -1
3058       -0.92
3059          -1
3060          -1
3061          -1
3062          -1
3063          -1
3064          -1
3065          -1
3066          -1
3067          -1
3068          -1
3069          -1
3070          -1
3071          -1
3072          -1
3073          -1
3074          -1
3075          -1
3076          -1
3077          -1
3078          -1
3079          -1
3080          -1
3081          -1
3082          -1
3083          -1
3084          -1
3085          -1
3086          -1
3087          -1
3088          -1
3089          -1
3090          -1
3091          -1
3092          -1
3093          -1
3094          -1
3095          -1
3096          -1
3097          -1
3098          -1
3099          -1
3100          -1
3101          -1
3102          -1
3103          -1
3104          -1
3105          -1
3106          -1
3107          -1
3108          -1
3109          -1
3110          -1
3111          -1
3112          -1
3113          -1
3114          -1
3115          -1
3116          -1
3117          -1
3118          -1
3119          -1
3120          -1
3121          -1
3122          -1
3123          -1
3124          -1
3125          -1
3126          -1
3127          -1
3128          -1
3129          -1
3130          -1
3131          -1
3132          -1
3133          -1
3134          -1
3135          -1
3136          -1
3137          -1
3138          -1
3139          -1
3140          -1
3141          -1
3142          -1
3143          -1
3144          -1
3145          -1
3146          -1
3147          -1
3148          -1
3149          -1
3150          -1
3151          -1
3152          -1
3153          -1
3154          -1
3155          -1
3156          -1
3157          -1
3158          -1
3159          -1
3160          -1
3161          -1
3162          -1
3163          -1
3164          -1
3165          -1
3166          -1
3167          -1
3168          -1
3169          -1
3170          -1
3171          -1
3172          -1
3173          -1
3174          -1
3175          -1
3176          -1
3177          -1
3178          -1
3179          -1
3180          -1
3181          -1
3182          -1
3183          -1
3184          -1
3185          -1
3186          -1
3187          -1
3188          -1
3189          -1
3190          -1
3191          -1
3192          -1
3193          -1
3194          -1
3195          -1
3196          -1
3197          -1
3198          -1
3199          -1
3200          -1
3201          -1
3202          -1
3203          -1
3204          -1
3205          -1
3206          -1
3207          -1
3208          -1
3209          -1
3210          -1
3211          -1
3212          -1
3213          -1
3214          -1
3215          -1
3216          -1
3217          -1
3218          -1
3219          -1
3220          -1
3221          -1
3222          -1
3223          -1
3224          -1
3225          -1
3226          -1
3227          -1
3228          -1
3229          -1
3230          -1
3231          -1
3232          -1
3233       -0.92
3234          -1
3235          -1
3236          -1
3237          -1
3238          -1
3239          -1
3240          -1
3241          -1
3242          -1
3243          -1
3244          -1
3245          -1
3246          -1
3247          -1
3248          -1
3249          -1
3250          -1
3251          -1
3252          -1
3253          -1
3254          -1
3255          -1
3256          -1
3257          -1
3258          -1
3259          -1
3260          -1
3261          -1
3262          -1
3263          -1
3264          -1
3265          -1
3266          -1
3267          -1
3268          -1
3269          -1
3270          -1
3271          -1
3272          -1
3273          -1
3274          -1
3275          -1
3276          -1
3277          -1
3278          -1
3279          -1
3280          -1
3281          -1
3282          -1
3283          -1
3284          -1
3285          -1
3286          -1
3287          -1
3288          -1
3289          -1
3290          -1
3291          -1
3292          -1
3293          -1
3294          -1
3295          -1
3296          -1
3297          -1
3298          -1
3299          -1
3300          -1
3301          -1
3302          -1
3303          -1
3304          -1
3305          -1
3306          -1
3307          -1
3308          -1
3309          -1
3310          -1
3311          -1
3312          -1
3313          -1
3314          -1
3315          -1
3316          -1
3317          -1
3318          -1
3319          -1
3320          -1
3321          -1
3322          -1
3323          -1
3324          -1
3325          -1
3326          -1
3327          -1
3328          -1
3329          -1
3330          -1
3331          -1
3332          -1
3333          -1
3334          -1
3335          -1
3336          -1
3337          -1
3338          -1
3339          -1
3340          -1
3341          -1
3342          -1
3343          -1
3344       -0.92
3345          -1
3346          -1
3347       -0.92
3348       -0.92
3349          -1
3350          -1
3351          -1
3352          -1
3353          -1
3354          -1
3355          -1
3356          -1
3357          -1
3358          -1
3359          -1
3360          -1
3361          -1
3362          -1
3363          -1
3364          -1
3365          -1
3366          -1
3367          -1
3368          -1
3369          -1
3370          -1
3371          -1
3372          -1
3373          -1
3374          -1
3375          -1
3376          -1
3377          -1
3378          -1
3379       -0.92
3380          -1
3381          -1
3382          -1
3383          -1
3384          -1
3385          -1
3386          -1
3387          -1
3388       -0.92
3389       -0.92
3390       -0.92
3391       -0.92
3392       -0.92
3393       -0.92
3394       -0.92
3395       -0.92
3396       -0.92
3397       -0.92
3398       -0.92
3399       -0.92
3400       -0.92
3401       -0.92
3402       -0.92
3403       -0.92
3404       -0.92
3405       -0.92
3406       -0.92
3407       -0.92
3408       -0.92
3409       -0.92
3410       -0.92
3411       -0.92
3412       -0.92
3413       -0.92
3414       -0.92
3415       -0.92
3416       -0.92
3417       -0.92
3418       -0.92
3419       -0.92
3420       -0.92
3421       -0.92
3422       -0.92
3423       -0.92
3424       -0.92
3425       -0.92
3426       -0.92
3427       -0.92
3428       -0.92
3429       -0.92
3430       -0.92
3431       -0.92
3432       -0.84
3433       -0.76
3434       -0.76
3435       -0.84
3436       -0.84
3437       -0.84
3438       -0.84
3439       -0.92
3440       -0.92
3441       -0.92
3442       -0.92
3443       -0.92
3444       -0.92
3445       -0.92
3446       -0.92
3447       -0.92
3448       -0.92
3449       -0.92
3450       -0.92
3451       -0.92
3452          -1
3453          -1
3454          -1
3455          -1
3456          -1
3457          -1
3458       -0.92
3459       -0.92
3460       -0.92
3461       -0.92
3462       -0.92
3463       -0.92
3464          -1
3465          -1
3466          -1
3467          -1
3468          -1
3469          -1
3470          -1
3471          -1
3472          -1
3473          -1
3474          -1
3475          -1
3476          -1
3477          -1
3478          -1
3479          -1
3480          -1
3481          -1
3482          -1
3483          -1
3484          -1
3485          -1
3486          -1
3487       -0.92
3488       -0.92
3489       -0.92
3490       -0.92
3491       -0.92
3492       -0.92
3493       -0.92
3494       -0.92
3495       -0.92
3496       -0.92
3497       -0.92
3498       -0.92
3499       -0.92
3500       -0.92
3501       -0.92
3502       -0.92
3503       -0.92
3504       -0.92
3505       -0.84
3506       -0.92
3507       -0.92
3508       -0.92
3509       -0.92
3510       -0.92
3511       -0.92
3512       -0.92
3513       -0.92
3514       -0.92
3515       -0.92
3516       -0.92
3517       -0.92
3518       -0.92
3519       -0.92
3520       -0.92
3521       -0.92
3522       -0.84
3523       -0.84
3524       -0.92
3525       -0.92
3526       -0.92
3527       -0.92
3528       -0.92
3529       -0.92
3530       -0.92
3531       -0.92
3532       -0.92
3533       -0.92
3534       -0.92
3535       -0.92
3536       -0.92
3537       -0.92
3538       -0.92
3539       -0.92
3540       -0.92
3541       -0.92
3542       -0.92
3543       -0.92
3544       -0.92
3545       -0.92
3546       -0.92
3547       -0.92
3548       -0.92
3549       -0.92
3550       -0.84
3551       -0.84
3552       -0.84
3553       -0.84
3554       -0.84
3555       -0.84
3556       -0.84
3557       -0.92
3558       -0.92
3559       -0.92
3560       -0.92
3561       -0.92
3562       -0.92
3563       -0.92
3564       -0.92
3565       -0.92
3566       -0.92
3567       -0.92
3568       -0.92
3569       -0.92
3570       -0.92
3571       -0.92
3572       -0.92
3573       -0.92
3574       -0.92
3575       -0.92
3576       -0.92
3577       -0.92
3578       -0.92
3579       -0.92
3580       -0.92
3581       -0.92
3582       -0.92
3583       -0.92
3584       -0.92
3585       -0.92
3586       -0.92
3587       -0.92
3588          -1
3589          -1
3590          -1
3591          -1
3592          -1
3593          -1
3594          -1
3595          -1
3596          -1
3597       -0.92
3598       -0.92
3599       -0.92
3600       -0.92
3601       -0.92
3602          -1
3603          -1
3604          -1
3605          -1
3606          -1
3607          -1
3608          -1
3609          -1
3610          -1
3611          -1
3612          -1
3613          -1
3614          -1
3615          -1
3616          -1
3617          -1
3618          -1
3619          -1
3620          -1
3621          -1
3622          -1
3623          -1
3624          -1
3625          -1
3626          -1
3627          -1
3628          -1
3629          -1
3630          -1
3631          -1
3632          -1
3633          -1
3634          -1
3635          -1
3636          -1
3637          -1
3638          -1
3639          -1
3640          -1
3641          -1
3642          -1
3643          -1
3644          -1
3645          -1
3646          -1
3647          -1
3648          -1
3649          -1
3650          -1
3651          -1
3652          -1
3653          -1
3654          -1
3655          -1
3656          -1
3657          -1
3658          -1
3659          -1
3660          -1
3661          -1
3662          -1
3663          -1
3664          -1
3665          -1
3666          -1
3667          -1
3668          -1
3669          -1
3670          -1
3671          -1
3672          -1
3673          -1
3674          -1
3675          -1
3676          -1
3677          -1
3678          -1
3679          -1
3680          -1
3681          -1
3682          -1
3683          -1
3684          -1
3685          -1
3686          -1
3687          -1
3688          -1
3689          -1
3690          -1
3691          -1
3692          -1
3693          -1
3694          -1
3695          -1
3696       -0.92
3697       -0.92
3698       -0.92
3699          -1
3700          -1
3701          -1
3702          -1
3703          -1
3704          -1
3705          -1
3706          -1
3707          -1
3708          -1
3709          -1
3710          -1
3711          -1
3712          -1
3713          -1
3714          -1
3715          -1
3716          -1
3717          -1
3718          -1
3719          -1
3720          -1
3721          -1
3722          -1
3723          -1
3724          -1
3725          -1
3726          -1
3727          -1
3728          -1
3729          -1
3730          -1
3731          -1
3732          -1
3733          -1
3734          -1
3735          -1
3736          -1
3737          -1
3738          -1
3739          -1
3740          -1
3741          -1
3742          -1
3743          -1
3744          -1
3745       -0.92
3746       -0.92
3747       -0.92
3748       -0.92
3749          -1
3750          -1
3751          -1
3752          -1
3753          -1
3754          -1
3755          -1
3756          -1
3757          -1
3758          -1
3759          -1
3760          -1
3761          -1
3762          -1
3763          -1
3764          -1
3765          -1
3766          -1
3767          -1
3768          -1
3769          -1
3770          -1
3771          -1
3772          -1
3773          -1
3774          -1
3775          -1
3776          -1
3777          -1
3778          -1
3779          -1
3780          -1
3781          -1
3782          -1
3783          -1
3784          -1
3785          -1
3786          -1
3787          -1
3788          -1
3789          -1
3790          -1
3791       -0.92
3792       -0.92
3793       -0.92
3794       -0.92
3795          -1
3796          -1
3797          -1
3798          -1
3799          -1
3800          -1
3801          -1
3802          -1
3803          -1
3804          -1
3805          -1
3806          -1
3807          -1
3808          -1
3809          -1
3810          -1
3811          -1
3812          -1
3813          -1
3814          -1
3815          -1
3816          -1
3817          -1
3818          -1
3819          -1
3820          -1
3821          -1
3822          -1
3823          -1
3824          -1
3825          -1
3826          -1
3827          -1
3828          -1
3829          -1
3830          -1
3831          -1
3832          -1
3833          -1
3834       -0.92
3835       -0.92
3836       -0.92
3837          -1
3838          -1
3839          -1
3840          -1
3841          -1
3842          -1
3843          -1
3844          -1
3845          -1
3846          -1
3847          -1
3848          -1
3849          -1
3850          -1
3851          -1
3852          -1
3853          -1
3854          -1
3855          -1
3856          -1
3857          -1
3858          -1
3859          -1
3860          -1
3861          -1
3862          -1
3863          -1
3864          -1
3865          -1
3866          -1
3867          -1
3868          -1
3869          -1
3870          -1
3871          -1
3872          -1
3873          -1
3874          -1
3875          -1
3876          -1
3877          -1
3878          -1
3879          -1
3880          -1
3881          -1
3882          -1
3883          -1
3884          -1
3885          -1
3886          -1
3887          -1
3888          -1
3889          -1
3890          -1
3891          -1
3892          -1
3893          -1
3894          -1
3895          -1
3896          -1
3897          -1
3898          -1
3899          -1
3900          -1
3901          -1
3902          -1
3903          -1
3904          -1
3905          -1
3906          -1
3907          -1
3908          -1
3909          -1
3910          -1
3911          -1
3912          -1
3913          -1
3914          -1
3915          -1
3916          -1
3917          -1
3918          -1
3919          -1
3920          -1
3921          -1
3922          -1
3923          -1
3924          -1
3925          -1
3926          -1
3927          -1
3928          -1
3929          -1
3930          -1
3931          -1
3932          -1
3933          -1
3934          -1
3935          -1
3936          -1
3937          -1
3938          -1
3939          -1
3940          -1
3941          -1
3942          -1
3943          -1
3944          -1
3945          -1
3946       -0.92
3947       -0.92
3948          -1
3949          -1
3950          -1
3951          -1
3952          -1
3953          -1
3954          -1
3955          -1
3956          -1
3957          -1
3958          -1
3959          -1
3960          -1
3961          -1
3962          -1
3963          -1
3964          -1
3965          -1
3966          -1
3967          -1
3968          -1
3969          -1
3970          -1
3971          -1
3972          -1
3973          -1
3974          -1
3975          -1
3976          -1
3977          -1
3978          -1
3979          -1
3980          -1
3981          -1
3982          -1
3983          -1
3984          -1
3985          -1
3986          -1
3987          -1
3988          -1
3989          -1
3990          -1
3991          -1
3992          -1
3993       -0.92
3994       -0.92
3995          -1
3996          -1
3997          -1
3998          -1
3999          -1
4000          -1
4001          -1
4002          -1
4003          -1
4004          -1
4005          -1
4006          -1
4007          -1
4008          -1
4009          -1
4010          -1
4011          -1
4012          -1
4013          -1
4014          -1
4015          -1
4016          -1
4017          -1
4018          -1
4019          -1
4020          -1
4021          -1
4022          -1
4023          -1
4024          -1
4025          -1
4026          -1
4027          -1
4028          -1
4029          -1
4030          -1
4031          -1
4032          -1
4033          -1
4034          -1
4035          -1
4036          -1
4037          -1
4038          -1
4039          -1
4040          -1
4041          -1
4042          -1
4043          -1
4044          -1
4045          -1
4046          -1
4047          -1
4048          -1
4049          -1
4050          -1
4051          -1
4052          -1
4053          -1
4054          -1
4055          -1
4056          -1
4057          -1
4058          -1
4059          -1
4060          -1
4061          -1
4062          -1
4063          -1
4064          -1
4065          -1
4066          -1
4067          -1
4068          -1
4069          -1
4070          -1
4071          -1
4072          -1
4073          -1
4074          -1
4075          -1
4076          -1
4077          -1
4078          -1
4079          -1
4080          -1
4081          -1
4082          -1
4083          -1
4084          -1
4085          -1
4086          -1
4087          -1
4088          -1
4089          -1
4090          -1
4091          -1
4092          -1
4093          -1
4094          -1
4095          -1
4096          -1
4097          -1
4098          -1
4099          -1
4100          -1
4101          -1
4102          -1
4103          -1
4104          -1
4105       -0.92
4106       -0.92
4107       -0.92
4108       -0.92
4109       -0.92
4110       -0.92
4111       -0.92
4112       -0.92
4113          -1
4114          -1
4115          -1
4116          -1
4117          -1
4118          -1
4119          -1
4120          -1
4121          -1
4122          -1
4123          -1
4124          -1
4125          -1
4126          -1
4127          -1
4128          -1
4129          -1
4130          -1
4131          -1
4132          -1
4133          -1
4134          -1
4135          -1
4136          -1
4137          -1
4138          -1
4139          -1
4140          -1
4141          -1
4142          -1
4143          -1
4144          -1
4145          -1
4146          -1
4147          -1
4148          -1
4149          -1
4150          -1
4151          -1
4152          -1
4153          -1
4154          -1
4155          -1
4156          -1
4157          -1
4158          -1
4159          -1
4160          -1
4161          -1
4162          -1
4163          -1
4164          -1
4165          -1
4166          -1
4167          -1
4168          -1
4169          -1
4170          -1
4171          -1
4172          -1
4173          -1
4174          -1
4175          -1
4176          -1
4177          -1
4178          -1
4179          -1
4180          -1
4181          -1
4182          -1
4183          -1
4184          -1
4185          -1
4186          -1
4187          -1
4188          -1
4189          -1
4190          -1
4191          -1
4192          -1
4193          -1
4194          -1
4195          -1
4196          -1
4197          -1
4198          -1
4199          -1
4200          -1
4201          -1
4202          -1
4203          -1
4204          -1
4205          -1
4206          -1
4207          -1
4208          -1
4209          -1
4210          -1
4211          -1
4212          -1
4213          -1
4214          -1
4215          -1
4216          -1
4217          -1
4218          -1
4219          -1
4220          -1
4221          -1
4222          -1
4223          -1
4224       -0.92
4225       -0.92
4226       -0.92
4227       -0.92
4228       -0.92
4229       -0.92
4230       -0.92
4231       -0.92
4232          -1
4233          -1
4234          -1
4235          -1
4236          -1
4237          -1
4238          -1
4239          -1
4240          -1
4241          -1
4242          -1
4243          -1
4244          -1
4245          -1
4246          -1
4247          -1
4248          -1
4249       -0.92
4250          -1
4251          -1
4252          -1
4253          -1
4254          -1
4255          -1
4256          -1
4257          -1
4258          -1
4259          -1
4260          -1
4261          -1
4262          -1
4263          -1
4264          -1
4265          -1
4266          -1
4267          -1
4268          -1
4269          -1
4270          -1
4271          -1
4272          -1
4273          -1
4274          -1
4275          -1
4276          -1
4277          -1
4278          -1
4279          -1
4280          -1
4281          -1
4282          -1
4283          -1
4284          -1
4285          -1
4286          -1
4287          -1
4288          -1
4289          -1
4290          -1
4291          -1
4292          -1
4293          -1
4294          -1
4295          -1
4296          -1
4297          -1
4298          -1
4299          -1
4300          -1
4301          -1
4302          -1
4303          -1
4304          -1
4305          -1
4306          -1
4307          -1
4308          -1
4309          -1
4310          -1
4311          -1
4312          -1
4313          -1
4314          -1
4315          -1
4316          -1
4317          -1
4318          -1
4319          -1
4320          -1
4321          -1
4322          -1
4323          -1
4324          -1
4325          -1
4326          -1
4327          -1
4328          -1
4329          -1
4330          -1
4331          -1
4332          -1
4333          -1
4334          -1
4335          -1
4336          -1
4337          -1
4338          -1
4339          -1
4340          -1
4341          -1
4342          -1
4343          -1
4344          -1
4345          -1
4346          -1
4347          -1
4348          -1
4349          -1
4350          -1
4351          -1
4352          -1
4353          -1
4354          -1
4355          -1
4356          -1
4357          -1
4358          -1
4359          -1
4360          -1
4361          -1
4362          -1
4363          -1
4364          -1
4365          -1
4366          -1
4367          -1
4368          -1
4369          -1
4370          -1
4371          -1
4372          -1
4373          -1
4374          -1
4375          -1
4376          -1
4377          -1
4378          -1
4379          -1
4380          -1
4381          -1
4382          -1
4383          -1
4384          -1
4385          -1
4386          -1
4387          -1
4388          -1
4389          -1
4390          -1
4391          -1
4392          -1
4393          -1
4394          -1
4395          -1
4396          -1
4397          -1
4398          -1
4399          -1
4400          -1
4401          -1
4402          -1
4403          -1
4404          -1
4405          -1
4406          -1
4407          -1
4408          -1
4409          -1
4410          -1
4411          -1
4412          -1
4413          -1
4414          -1
4415          -1
4416          -1
4417          -1
4418          -1
4419          -1
4420          -1
4421          -1
4422          -1
4423          -1
4424          -1
4425          -1
4426          -1
4427          -1
4428          -1
4429          -1
4430          -1
4431          -1
4432          -1
4433          -1
4434          -1
4435          -1
4436          -1
4437          -1
4438          -1
4439          -1
4440          -1
4441          -1
4442          -1
4443          -1
4444          -1
4445          -1
4446          -1
4447          -1
4448          -1
4449          -1
4450          -1
4451          -1
4452          -1
4453          -1
4454          -1
4455          -1
4456          -1
4457          -1
4458          -1
4459          -1
4460          -1
4461          -1
4462          -1
4463          -1
4464          -1
4465          -1
4466          -1
4467          -1
4468          -1
4469          -1
4470          -1
4471          -1
4472          -1
4473       -0.92
4474       -0.92
4475       -0.92
4476          -1
4477          -1
4478          -1
4479          -1
4480          -1
4481          -1
4482          -1
4483          -1
4484          -1
4485          -1
4486          -1
4487          -1
4488          -1
4489          -1
4490          -1
4491          -1
4492          -1
4493          -1
4494          -1
4495          -1
4496          -1
4497          -1
4498          -1
4499          -1
4500          -1
4501          -1
4502          -1
4503          -1
4504          -1
4505          -1
4506          -1
4507          -1
4508          -1
4509          -1
4510          -1
4511          -1
4512          -1
4513          -1
4514          -1
4515          -1
4516          -1
4517          -1
4518          -1
4519          -1
4520          -1
4521          -1
4522          -1
4523          -1
4524          -1
4525          -1
4526          -1
4527          -1
4528          -1
4529          -1
4530          -1
4531          -1
4532          -1
4533          -1
4534          -1
4535          -1
4536          -1
4537          -1
4538          -1
4539          -1
4540          -1
4541          -1
4542          -1
4543          -1
4544       -0.92
4545          -1
4546          -1
4547          -1
4548          -1
4549          -1
4550          -1
4551          -1
4552          -1
4553          -1
4554          -1
4555          -1
4556          -1
4557          -1
4558          -1
4559          -1
4560          -1
4561          -1
4562          -1
4563          -1
4564          -1
4565          -1
4566          -1
4567          -1
4568          -1
4569          -1
4570          -1
4571          -1
4572          -1
4573          -1
4574          -1
4575          -1
4576          -1
4577          -1
4578          -1
4579          -1
4580          -1
4581       -0.92
4582       -0.92
4583       -0.92
4584       -0.92
4585       -0.92
4586       -0.92
4587       -0.92
4588       -0.92
4589          -1
4590          -1
4591          -1
4592          -1
4593          -1
4594          -1
4595          -1
4596          -1
4597          -1
4598          -1
4599          -1
4600          -1
4601          -1
4602          -1
4603          -1
4604          -1
4605          -1
4606          -1
4607          -1
4608          -1
4609          -1
4610          -1
4611          -1
4612          -1
4613          -1
4614          -1
4615          -1
4616          -1
4617          -1
4618          -1
4619          -1
4620          -1
4621          -1
4622          -1
4623          -1
4624          -1
4625          -1
4626          -1
4627          -1
4628          -1
4629          -1
4630          -1
4631          -1
4632          -1
4633          -1
4634          -1
4635          -1
4636          -1
4637          -1
4638          -1
4639          -1
4640          -1
4641          -1
4642          -1
4643          -1
4644          -1
4645          -1
4646          -1
4647          -1
4648          -1
4649          -1
4650          -1
4651          -1
4652          -1
4653          -1
4654          -1
4655          -1
4656          -1
4657          -1
4658          -1
4659          -1
4660          -1
4661          -1
4662          -1
4663          -1
4664          -1
4665          -1
4666          -1
4667          -1
4668          -1
4669          -1
4670          -1
4671          -1
4672          -1
4673          -1
4674          -1
4675          -1
4676          -1
4677          -1
4678          -1
4679          -1
4680          -1
4681          -1
4682          -1
4683          -1
4684          -1
4685          -1
4686          -1
4687          -1
4688          -1
4689          -1
4690          -1
4691          -1
4692       -0.92
4693       -0.92
4694       -0.92
4695       -0.92
4696          -1
4697          -1
4698          -1
4699          -1
4700          -1
4701          -1
4702          -1
4703          -1
4704          -1
4705          -1
4706          -1
4707          -1
4708          -1
4709          -1
4710          -1
4711          -1
4712          -1
4713          -1
4714          -1
4715          -1
4716          -1
4717          -1
4718          -1
4719          -1
4720       -0.92
4721       -0.92
4722       -0.92
4723          -1
4724          -1
4725          -1
4726          -1
4727          -1
4728          -1
4729          -1
4730          -1
4731          -1
4732          -1
4733          -1
4734          -1
4735          -1
4736          -1
4737          -1
4738          -1
4739          -1
4740          -1
4741          -1
4742          -1
4743          -1
4744          -1
4745          -1
4746          -1
4747          -1
4748          -1
4749          -1
4750          -1
4751          -1
4752          -1
4753          -1
4754          -1
4755          -1
4756          -1
4757          -1
4758          -1
4759          -1
4760          -1
4761          -1
4762          -1
4763          -1
4764          -1
4765          -1
4766          -1
4767          -1
4768          -1
4769          -1
4770          -1
4771          -1
4772          -1
4773          -1
4774          -1
4775          -1
4776          -1
4777          -1
4778          -1
4779          -1
4780          -1
4781          -1
4782          -1
4783          -1
4784          -1
4785          -1
4786          -1
4787          -1
4788          -1
4789          -1
4790          -1
4791          -1
4792          -1
4793          -1
4794          -1
4795          -1
4796          -1
4797          -1
4798          -1
4799          -1
4800          -1
4801          -1
4802          -1
4803          -1
4804          -1
4805          -1
4806          -1
4807          -1
4808          -1
4809          -1
4810          -1
4811          -1
4812          -1
4813          -1
4814          -1
4815          -1
4816          -1
4817          -1
4818          -1
4819          -1
4820          -1
4821          -1
4822          -1
4823          -1
4824          -1
4825          -1
4826          -1
4827          -1
4828          -1
4829          -1
4830          -1
4831          -1
4832          -1
4833          -1
4834       -0.92
4835       -0.92
4836       -0.92
4837          -1
4838          -1
4839          -1
4840          -1
4841          -1
4842          -1
4843          -1
4844          -1
4845          -1
4846          -1
4847          -1
4848          -1
4849          -1
4850          -1
4851          -1
4852          -1
4853          -1
4854          -1
4855          -1
4856          -1
4857          -1
4858          -1
4859          -1
4860       -0.92
4861          -1
4862          -1
4863          -1
4864          -1
4865          -1
4866          -1
4867          -1
4868          -1
4869          -1
4870          -1
4871          -1
4872          -1
4873          -1
4874          -1
4875          -1
4876          -1
4877          -1
4878          -1
4879          -1
4880          -1
4881          -1
4882          -1
4883          -1
4884          -1
4885          -1
4886          -1
4887          -1
4888          -1
4889          -1
4890          -1
4891          -1
4892          -1
4893          -1
4894          -1
4895          -1
4896          -1
4897          -1
4898          -1
4899          -1
4900          -1
4901          -1
4902          -1
4903          -1
4904          -1
4905          -1
4906          -1
4907          -1
4908          -1
4909          -1
4910          -1
4911          -1
4912          -1
4913          -1
4914          -1
4915          -1
4916          -1
4917          -1
4918          -1
4919          -1
4920          -1
4921          -1
4922          -1
4923          -1
4924          -1
4925          -1
4926          -1
4927          -1
4928          -1
4929          -1
4930       -0.92
4931       -0.92
4932       -0.92
4933       -0.92
4934          -1
4935          -1
4936          -1
4937          -1
4938          -1
4939          -1
4940          -1
4941          -1
4942          -1
4943          -1
4944          -1
4945          -1
4946          -1
4947          -1
4948          -1
4949          -1
4950          -1
4951          -1
4952          -1
4953          -1
4954          -1
4955          -1
4956          -1
4957          -1
4958          -1
4959          -1
4960          -1
4961          -1
4962          -1
4963          -1
4964          -1
4965          -1
4966          -1
4967          -1
4968          -1
4969          -1
4970          -1
4971          -1
4972          -1
4973          -1
4974          -1
4975          -1
4976          -1
4977          -1
4978          -1
4979          -1
4980          -1
4981          -1
4982          -1
4983          -1
4984          -1
4985          -1
4986          -1
4987          -1
4988          -1
4989          -1
4990          -1
4991          -1
4992          -1
4993          -1
4994          -1
4995          -1
4996          -1
4997          -1
4998          -1
4999          -1
5000       -0.92
