1       -0.52
2       -0.68
3       -0.76
4       -0.76
5       -0.84
6       -0.84
7       -0.84
8       -0.84
9       -0.84
10       -0.84
11       -0.84
12       -0.84
13       -0.84
14       -0.84
15       -0.84
16       -0.84
17       -0.84
18       -0.84
19       -0.84
20       -0.84
21       -0.84
22       -0.84
23       -0.84
24       -0.76
25       -0.92
26       -0.92
27       -0.92
28       -0.92
29       -0.92
30       -0.92
31       -0.92
32       -0.92
33       -0.92
34       -0.92
35       -0.92
36       -0.92
37       -0.92
38       -0.92
39       -0.92
40       -0.92
41       -0.92
42       -0.92
43       -0.92
44       -0.92
45       -0.92
46       -0.92
47       -0.92
48       -0.92
49       -0.92
50       -0.92
51       -0.92
52       -0.92
53       -0.92
54       -0.92
55       -0.92
56       -0.92
57       -0.92
58       -0.92
59       -0.92
60       -0.92
61       -0.92
62       -0.92
63       -0.92
64       -0.92
65       -0.92
66       -0.92
67       -0.92
68       -0.92
69       -0.92
70       -0.92
71       -0.92
72       -0.92
73       -0.92
74       -0.92
75       -0.92
76       -0.92
77       -0.92
78       -0.92
79       -0.92
80       -0.92
81       -0.92
82       -0.92
83       -0.92
84       -0.92
85       -0.92
86       -0.92
87       -0.92
88       -0.92
89       -0.92
90       -0.92
91       -0.92
92       -0.92
93       -0.92
94       -0.92
95       -0.92
96       -0.92
97       -0.92
98       -0.92
99       -0.92
100       -0.92
101       -0.92
102       -0.92
103       -0.92
104       -0.92
105       -0.92
106       -0.92
107       -0.92
108       -0.92
109       -0.92
110       -0.92
111       -0.92
112       -0.92
113       -0.92
114       -0.92
115       -0.92
116       -0.84
117       -0.92
118       -0.92
119       -0.92
120       -0.92
121       -0.92
122       -0.92
123       -0.92
124       -0.92
125       -0.92
126       -0.92
127       -0.92
128       -0.92
129       -0.92
130       -0.92
131       -0.92
132       -0.92
133       -0.92
134       -0.92
135       -0.92
136       -0.92
137       -0.92
138       -0.92
139       -0.92
140       -0.92
141       -0.92
142       -0.92
143       -0.92
144       -0.92
145       -0.92
146       -0.92
147       -0.92
148       -0.92
149       -0.92
150       -0.92
151       -0.92
152       -0.92
153       -0.92
154       -0.92
155       -0.92
156       -0.92
157       -0.92
158       -0.92
159       -0.92
160       -0.92
161       -0.92
162       -0.92
163       -0.92
164       -0.92
165       -0.92
166       -0.92
167       -0.84
168       -0.92
169       -0.92
170       -0.92
171       -0.92
172       -0.92
173       -0.92
174       -0.92
175       -0.92
176       -0.92
177       -0.92
178       -0.92
179       -0.92
180       -0.92
181       -0.92
182       -0.92
183       -0.92
184       -0.92
185       -0.92
186       -0.92
187       -0.92
188       -0.92
189       -0.92
190       -0.92
191       -0.92
192       -0.92
193       -0.92
194       -0.92
195       -0.92
196       -0.92
197       -0.92
198       -0.92
199       -0.92
200       -0.92
201       -0.92
202       -0.92
203       -0.92
204       -0.92
205       -0.92
206       -0.92
207       -0.92
208       -0.92
209       -0.92
210       -0.92
211       -0.92
212       -0.92
213       -0.92
214       -0.92
215       -0.84
216       -0.84
217       -0.84
218       -0.84
219       -0.84
220       -0.84
221       -0.84
222       -0.84
223       -0.84
224       -0.84
225       -0.84
226       -0.84
227       -0.84
228       -0.84
229       -0.84
230       -0.84
231       -0.84
232       -0.84
233       -0.84
234       -0.84
235       -0.84
236       -0.84
237       -0.84
238       -0.84
239       -0.84
240       -0.84
241       -0.84
242       -0.84
243       -0.84
244       -0.84
245       -0.84
246       -0.84
247       -0.84
248       -0.84
249       -0.84
250       -0.76
251       -0.76
252       -0.84
253       -0.84
254       -0.84
255       -0.84
256       -0.84
257       -0.84
258       -0.84
259       -0.84
260       -0.84
261       -0.84
262       -0.84
263       -0.84
264       -0.84
265       -0.84
266       -0.84
267       -0.84
268       -0.84
269       -0.84
270       -0.84
271       -0.84
272       -0.84
273       -0.84
274       -0.84
275       -0.84
276       -0.84
277       -0.84
278       -0.84
279       -0.84
280       -0.84
281       -0.84
282       -0.92
283       -0.92
284       -0.92
285       -0.92
286       -0.92
287       -0.92
288       -0.92
289       -0.92
290       -0.92
291       -0.92
292       -0.92
293       -0.92
294       -0.92
295       -0.92
296       -0.92
297       -0.92
298       -0.92
299       -0.92
300       -0.92
301       -0.92
302       -0.92
303          -1
304          -1
305          -1
306          -1
307          -1
308          -1
309          -1
310          -1
311          -1
312          -1
313          -1
314          -1
315          -1
316          -1
317          -1
318          -1
319          -1
320          -1
321          -1
322          -1
323          -1
324          -1
325          -1
326          -1
327          -1
328          -1
329          -1
330          -1
331          -1
332          -1
333          -1
334          -1
335          -1
336          -1
337          -1
338          -1
339          -1
340       -0.92
341       -0.92
342       -0.92
343          -1
344          -1
345          -1
346          -1
347          -1
348          -1
349       -0.92
350       -0.92
351       -0.92
352       -0.92
353       -0.92
354       -0.92
355          -1
356          -1
357          -1
358          -1
359          -1
360          -1
361          -1
362          -1
363          -1
364          -1
365          -1
366          -1
367          -1
368          -1
369          -1
370          -1
371          -1
372          -1
373          -1
374          -1
375          -1
376          -1
377          -1
378          -1
379          -1
380          -1
381          -1
382          -1
383          -1
384          -1
385          -1
386          -1
387          -1
388          -1
389          -1
390          -1
391          -1
392          -1
393          -1
394          -1
395          -1
396          -1
397          -1
398          -1
399          -1
400          -1
401          -1
402          -1
403          -1
404          -1
405          -1
406          -1
407          -1
408          -1
409          -1
410          -1
411          -1
412          -1
413          -1
414          -1
415          -1
416          -1
417          -1
418          -1
419          -1
420          -1
421          -1
422          -1
423          -1
424          -1
425          -1
426          -1
427          -1
428          -1
429          -1
430          -1
431          -1
432          -1
433          -1
434          -1
435          -1
436          -1
437          -1
438          -1
439          -1
440          -1
441          -1
442          -1
443          -1
444          -1
445          -1
446          -1
447          -1
448          -1
449          -1
450          -1
451          -1
452          -1
453          -1
454          -1
455          -1
456          -1
457          -1
458          -1
459          -1
460          -1
461          -1
462          -1
463          -1
464       -0.92
465       -0.92
466          -1
467          -1
468          -1
469          -1
470          -1
471          -1
472          -1
473          -1
474          -1
475          -1
476          -1
477          -1
478          -1
479          -1
480          -1
481          -1
482          -1
483          -1
484          -1
485          -1
486          -1
487          -1
488          -1
489          -1
490       -0.92
491       -0.92
492          -1
493          -1
494          -1
495          -1
496          -1
497          -1
498          -1
499          -1
500          -1
501          -1
502          -1
503          -1
504          -1
505          -1
506          -1
507          -1
508          -1
509          -1
510          -1
511          -1
512          -1
513          -1
514          -1
515          -1
516          -1
517          -1
518          -1
519          -1
520          -1
521          -1
522          -1
523          -1
524          -1
525          -1
526          -1
527          -1
528          -1
529          -1
530          -1
531          -1
532          -1
533          -1
534          -1
535          -1
536          -1
537          -1
538          -1
539          -1
540          -1
541          -1
542          -1
543          -1
544          -1
545          -1
546          -1
547          -1
548          -1
549          -1
550          -1
551          -1
552          -1
553          -1
554          -1
555          -1
556          -1
557          -1
558          -1
559          -1
560          -1
561          -1
562          -1
563          -1
564          -1
565          -1
566          -1
567          -1
568          -1
569          -1
570          -1
571          -1
572          -1
573          -1
574          -1
575          -1
576          -1
577          -1
578          -1
579          -1
580          -1
581          -1
582          -1
583          -1
584          -1
585          -1
586          -1
587          -1
588          -1
589          -1
590          -1
591          -1
592          -1
593          -1
594          -1
595          -1
596          -1
597          -1
598          -1
599          -1
600          -1
601          -1
602          -1
603          -1
604          -1
605          -1
606          -1
607          -1
608          -1
609          -1
610          -1
611          -1
612          -1
613          -1
614          -1
615          -1
616          -1
617          -1
618          -1
619          -1
620          -1
621          -1
622          -1
623          -1
624          -1
625          -1
626          -1
627          -1
628          -1
629          -1
630          -1
631          -1
632          -1
633          -1
634          -1
635          -1
636          -1
637          -1
638          -1
639          -1
640          -1
641          -1
642          -1
643          -1
644          -1
645          -1
646          -1
647          -1
648          -1
649          -1
650          -1
651          -1
652          -1
653          -1
654          -1
655          -1
656          -1
657          -1
658          -1
659          -1
660          -1
661          -1
662          -1
663          -1
664          -1
665          -1
666          -1
667          -1
668          -1
669          -1
670          -1
671          -1
672          -1
673          -1
674          -1
675          -1
676          -1
677          -1
678          -1
679          -1
680          -1
681          -1
682          -1
683          -1
684          -1
685          -1
686          -1
687          -1
688          -1
689          -1
690          -1
691          -1
692          -1
693          -1
694          -1
695          -1
696          -1
697          -1
698          -1
699          -1
700          -1
701          -1
702          -1
703          -1
704          -1
705       -0.92
706       -0.92
707       -0.92
708       -0.92
709       -0.92
710          -1
711          -1
712          -1
713          -1
714          -1
715          -1
716          -1
717          -1
718       -0.92
719       -0.92
720          -1
721          -1
722          -1
723          -1
724          -1
725          -1
726          -1
727          -1
728          -1
729          -1
730          -1
731          -1
732          -1
733          -1
734          -1
735          -1
736          -1
737          -1
738          -1
739          -1
740          -1
741          -1
742          -1
743          -1
744          -1
745          -1
746          -1
747          -1
748          -1
749          -1
750          -1
751          -1
752          -1
753          -1
754          -1
755          -1
756          -1
757          -1
758          -1
759          -1
760          -1
761          -1
762          -1
763          -1
764          -1
765          -1
766          -1
767          -1
768          -1
769          -1
770          -1
771          -1
772          -1
773          -1
774          -1
775       -0.92
776          -1
777          -1
778          -1
779       -0.92
780          -1
781          -1
782          -1
783          -1
784          -1
785          -1
786          -1
787          -1
788          -1
789          -1
790          -1
791          -1
792          -1
793          -1
794          -1
795          -1
796          -1
797          -1
798          -1
799          -1
800          -1
801          -1
802          -1
803          -1
804          -1
805          -1
806          -1
807          -1
808          -1
809          -1
810          -1
811          -1
812          -1
813          -1
814          -1
815          -1
816          -1
817          -1
818          -1
819          -1
820          -1
821          -1
822          -1
823          -1
824          -1
825          -1
826          -1
827       -0.92
828       -0.92
829          -1
830          -1
831          -1
832          -1
833          -1
834       -0.92
835       -0.92
836          -1
837          -1
838          -1
839          -1
840          -1
841          -1
842          -1
843          -1
844          -1
845          -1
846          -1
847          -1
848          -1
849          -1
850          -1
851          -1
852          -1
853          -1
854          -1
855          -1
856          -1
857          -1
858          -1
859          -1
860          -1
861          -1
862          -1
863          -1
864          -1
865          -1
866          -1
867          -1
868          -1
869          -1
870          -1
871          -1
872          -1
873          -1
874          -1
875          -1
876          -1
877          -1
878          -1
879          -1
880          -1
881          -1
882          -1
883          -1
884          -1
885          -1
886          -1
887          -1
888          -1
889          -1
890          -1
891          -1
892          -1
893          -1
894          -1
895          -1
896       -0.92
897          -1
898          -1
899          -1
900          -1
901          -1
902          -1
903          -1
904          -1
905          -1
906          -1
907          -1
908          -1
909          -1
910          -1
911          -1
912          -1
913          -1
914          -1
915          -1
916          -1
917          -1
918          -1
919          -1
920          -1
921          -1
922          -1
923          -1
924          -1
925          -1
926          -1
927          -1
928          -1
929          -1
930          -1
931          -1
932          -1
933          -1
934          -1
935          -1
936          -1
937          -1
938          -1
939          -1
940       -0.92
941          -1
942          -1
943          -1
944          -1
945          -1
946          -1
947          -1
948          -1
949          -1
950          -1
951          -1
952          -1
953          -1
954          -1
955          -1
956          -1
957          -1
958          -1
959          -1
960          -1
961          -1
962          -1
963          -1
964          -1
965       -0.92
966       -0.92
967       -0.92
968       -0.92
969       -0.92
970       -0.92
971       -0.92
972       -0.92
973       -0.92
974       -0.92
975       -0.92
976       -0.92
977       -0.92
978       -0.92
979       -0.92
980       -0.92
981       -0.92
982       -0.92
983       -0.92
984       -0.92
985       -0.92
986       -0.92
987       -0.92
988       -0.92
989       -0.92
990       -0.92
991       -0.92
992       -0.92
993       -0.92
994       -0.84
995       -0.92
996       -0.92
997       -0.92
998       -0.92
999       -0.92
1000       -0.92
1001       -0.92
1002       -0.92
1003       -0.92
1004       -0.92
1005       -0.92
1006       -0.92
1007       -0.92
1008       -0.92
1009       -0.92
1010       -0.92
1011       -0.92
1012       -0.92
1013       -0.92
1014       -0.92
1015       -0.92
1016       -0.92
1017       -0.92
1018       -0.92
1019       -0.92
1020       -0.92
1021       -0.92
1022       -0.92
1023       -0.92
1024       -0.92
1025       -0.92
1026       -0.92
1027       -0.92
1028       -0.92
1029       -0.92
1030       -0.92
1031       -0.92
1032       -0.92
1033       -0.92
1034       -0.92
1035       -0.92
1036       -0.84
1037       -0.84
1038       -0.92
1039       -0.92
1040       -0.92
1041       -0.92
1042       -0.92
1043       -0.92
1044       -0.92
1045       -0.92
1046       -0.92
1047       -0.92
1048       -0.92
1049       -0.92
1050       -0.92
1051       -0.92
1052       -0.92
1053       -0.92
1054       -0.92
1055       -0.92
1056       -0.92
1057       -0.84
1058       -0.84
1059       -0.84
1060       -0.84
1061       -0.84
1062       -0.92
1063       -0.92
1064       -0.92
1065       -0.92
1066       -0.92
1067       -0.92
1068       -0.92
1069       -0.92
1070       -0.92
1071       -0.92
1072       -0.92
1073       -0.92
1074       -0.84
1075       -0.92
1076       -0.92
1077       -0.92
1078       -0.92
1079       -0.92
1080       -0.92
1081       -0.92
1082       -0.92
1083       -0.92
1084       -0.92
1085       -0.92
1086       -0.92
1087       -0.92
1088       -0.92
1089       -0.92
1090       -0.92
1091       -0.92
1092       -0.92
1093       -0.92
1094       -0.92
1095       -0.92
1096       -0.92
1097       -0.92
1098       -0.92
1099       -0.92
1100       -0.92
1101       -0.92
1102       -0.92
1103       -0.92
1104       -0.92
1105       -0.92
1106       -0.92
1107       -0.92
1108       -0.92
1109       -0.92
1110       -0.92
1111       -0.92
1112       -0.92
1113       -0.92
1114       -0.92
1115       -0.92
1116       -0.92
1117       -0.92
1118       -0.92
1119       -0.92
1120       -0.92
1121       -0.92
1122       -0.92
1123       -0.92
1124       -0.92
1125       -0.92
1126       -0.92
1127       -0.92
1128       -0.92
1129       -0.92
1130       -0.92
1131       -0.92
1132       -0.92
1133       -0.92
1134       -0.92
1135       -0.92
1136       -0.92
1137       -0.92
1138       -0.92
1139       -0.92
1140       -0.92
1141       -0.92
1142       -0.92
1143       -0.92
1144       -0.92
1145       -0.92
1146       -0.92
1147       -0.92
1148       -0.92
1149       -0.92
1150       -0.92
1151       -0.92
1152       -0.92
1153       -0.92
1154       -0.92
1155       -0.92
1156       -0.92
1157       -0.92
1158       -0.92
1159       -0.92
1160       -0.92
1161       -0.92
1162       -0.92
1163       -0.92
1164       -0.92
1165       -0.92
1166       -0.92
1167       -0.92
1168       -0.92
1169       -0.92
1170       -0.92
1171       -0.92
1172       -0.92
1173       -0.92
1174       -0.92
1175       -0.92
1176       -0.92
1177       -0.92
1178       -0.92
1179       -0.92
1180       -0.92
1181       -0.92
1182       -0.92
1183       -0.92
1184       -0.92
1185       -0.92
1186       -0.92
1187       -0.92
1188       -0.92
1189       -0.92
1190       -0.92
1191       -0.92
1192       -0.92
1193       -0.92
1194       -0.92
1195       -0.92
1196       -0.92
1197       -0.92
1198       -0.92
1199       -0.92
1200       -0.92
1201       -0.92
1202       -0.92
1203       -0.92
1204       -0.92
1205       -0.92
1206       -0.92
1207       -0.92
1208       -0.92
1209       -0.92
1210       -0.92
1211       -0.92
1212       -0.92
1213       -0.92
1214       -0.92
1215       -0.92
1216       -0.92
1217       -0.92
1218       -0.92
1219       -0.92
1220       -0.92
1221       -0.92
1222       -0.92
1223       -0.92
1224       -0.92
1225       -0.92
1226       -0.92
1227       -0.92
1228       -0.92
1229       -0.92
1230       -0.92
1231       -0.92
1232       -0.92
1233       -0.92
1234       -0.92
1235       -0.92
1236       -0.92
1237       -0.92
1238       -0.92
1239       -0.92
1240       -0.92
1241       -0.92
1242       -0.92
1243       -0.92
1244       -0.92
1245       -0.92
1246       -0.92
1247       -0.92
1248       -0.92
1249       -0.92
1250       -0.92
1251       -0.92
1252       -0.92
1253       -0.92
1254       -0.92
1255       -0.92
1256       -0.92
1257       -0.92
1258       -0.92
1259       -0.92
1260       -0.92
1261       -0.92
1262       -0.92
1263       -0.92
1264       -0.92
1265       -0.92
1266       -0.92
1267       -0.92
1268       -0.92
1269       -0.92
1270       -0.84
1271       -0.84
1272       -0.84
1273       -0.84
1274       -0.84
1275       -0.84
1276       -0.92
1277       -0.92
1278          -1
1279          -1
1280          -1
1281          -1
1282          -1
1283          -1
1284          -1
1285          -1
1286          -1
1287          -1
1288          -1
1289          -1
1290          -1
1291          -1
1292          -1
1293          -1
1294          -1
1295          -1
1296          -1
1297          -1
1298          -1
1299          -1
1300          -1
1301          -1
1302          -1
1303          -1
1304          -1
1305          -1
1306          -1
1307          -1
1308          -1
1309          -1
1310          -1
1311          -1
1312          -1
1313          -1
1314          -1
1315          -1
1316          -1
1317          -1
1318          -1
1319          -1
1320          -1
1321          -1
1322          -1
1323          -1
1324          -1
1325          -1
1326          -1
1327          -1
1328          -1
1329          -1
1330          -1
1331          -1
1332          -1
1333          -1
1334          -1
1335          -1
1336          -1
1337          -1
1338          -1
1339          -1
1340          -1
1341          -1
1342          -1
1343          -1
1344          -1
1345          -1
1346          -1
1347          -1
1348          -1
1349          -1
1350          -1
1351          -1
1352          -1
1353          -1
1354          -1
1355          -1
1356          -1
1357          -1
1358          -1
1359          -1
1360          -1
1361          -1
1362          -1
1363          -1
1364          -1
1365          -1
1366          -1
1367          -1
1368       -0.92
1369       -0.92
1370       -0.92
1371       -0.92
1372       -0.92
1373       -0.92
1374       -0.92
1375          -1
1376          -1
1377          -1
1378          -1
1379          -1
1380          -1
1381          -1
1382          -1
1383          -1
1384          -1
1385          -1
1386          -1
1387          -1
1388          -1
1389          -1
1390          -1
1391          -1
1392          -1
1393          -1
1394          -1
1395          -1
1396          -1
1397          -1
1398          -1
1399          -1
1400          -1
1401          -1
1402          -1
1403          -1
1404          -1
1405          -1
1406          -1
1407          -1
1408          -1
1409          -1
1410          -1
1411          -1
1412          -1
1413          -1
1414          -1
1415          -1
1416          -1
1417          -1
1418          -1
1419          -1
1420          -1
1421          -1
1422          -1
1423          -1
1424          -1
1425          -1
1426          -1
1427          -1
1428          -1
1429          -1
1430          -1
1431          -1
1432          -1
1433          -1
1434          -1
1435          -1
1436          -1
1437          -1
1438          -1
1439          -1
1440          -1
1441          -1
1442          -1
1443          -1
1444          -1
1445          -1
1446          -1
1447          -1
1448          -1
1449          -1
1450          -1
1451          -1
1452          -1
1453          -1
1454          -1
1455          -1
1456          -1
1457          -1
1458          -1
1459          -1
1460          -1
1461          -1
1462          -1
1463          -1
1464          -1
1465          -1
1466          -1
1467          -1
1468          -1
1469          -1
1470          -1
1471          -1
1472          -1
1473          -1
1474          -1
1475          -1
1476          -1
1477          -1
1478          -1
1479          -1
1480          -1
1481          -1
1482          -1
1483          -1
1484          -1
1485          -1
1486          -1
1487          -1
1488          -1
1489          -1
1490          -1
1491          -1
1492          -1
1493          -1
1494          -1
1495          -1
1496          -1
1497          -1
1498          -1
1499          -1
1500          -1
1501          -1
1502          -1
1503          -1
1504          -1
1505          -1
1506          -1
1507          -1
1508          -1
1509          -1
1510          -1
1511          -1
1512          -1
1513          -1
1514          -1
1515          -1
1516          -1
1517          -1
1518          -1
1519          -1
1520          -1
1521          -1
1522          -1
1523          -1
1524          -1
1525          -1
1526          -1
1527          -1
1528          -1
1529          -1
1530          -1
1531          -1
1532          -1
1533          -1
1534          -1
1535          -1
1536          -1
1537          -1
1538          -1
1539          -1
1540          -1
1541          -1
1542          -1
1543          -1
1544          -1
1545          -1
1546          -1
1547          -1
1548          -1
1549          -1
1550          -1
1551          -1
1552          -1
1553          -1
1554          -1
1555          -1
1556       -0.92
1557          -1
1558          -1
1559          -1
1560          -1
1561          -1
1562          -1
1563          -1
1564          -1
1565          -1
1566          -1
1567          -1
1568          -1
1569          -1
1570          -1
1571          -1
1572          -1
1573          -1
1574          -1
1575          -1
1576          -1
1577          -1
1578          -1
1579          -1
1580          -1
1581          -1
1582          -1
1583          -1
1584          -1
1585          -1
1586          -1
1587          -1
1588          -1
1589          -1
1590          -1
1591          -1
1592          -1
1593          -1
1594          -1
1595          -1
1596          -1
1597          -1
1598          -1
1599          -1
1600          -1
1601          -1
1602          -1
1603          -1
1604          -1
1605          -1
1606          -1
1607          -1
1608          -1
1609          -1
1610          -1
1611          -1
1612          -1
1613          -1
1614          -1
1615          -1
1616          -1
1617          -1
1618          -1
1619          -1
1620          -1
1621          -1
1622          -1
1623          -1
1624          -1
1625          -1
1626          -1
1627          -1
1628          -1
1629          -1
1630          -1
1631          -1
1632          -1
1633          -1
1634          -1
1635          -1
1636          -1
1637          -1
1638          -1
1639          -1
1640          -1
1641          -1
1642          -1
1643          -1
1644          -1
1645          -1
1646          -1
1647          -1
1648          -1
1649          -1
1650          -1
1651          -1
1652          -1
1653          -1
1654          -1
1655          -1
1656          -1
1657          -1
1658          -1
1659          -1
1660          -1
1661          -1
1662          -1
1663          -1
1664          -1
1665          -1
1666          -1
1667          -1
1668          -1
1669          -1
1670          -1
1671          -1
1672          -1
1673          -1
1674          -1
1675          -1
1676          -1
1677          -1
1678          -1
1679          -1
1680          -1
1681          -1
1682          -1
1683          -1
1684          -1
1685          -1
1686          -1
1687          -1
1688          -1
1689          -1
1690          -1
1691          -1
1692          -1
1693          -1
1694          -1
1695          -1
1696          -1
1697          -1
1698          -1
1699          -1
1700          -1
1701          -1
1702          -1
1703          -1
1704          -1
1705          -1
1706          -1
1707          -1
1708          -1
1709          -1
1710          -1
1711          -1
1712          -1
1713          -1
1714          -1
1715          -1
1716          -1
1717          -1
1718          -1
1719          -1
1720          -1
1721          -1
1722          -1
1723          -1
1724          -1
1725          -1
1726          -1
1727          -1
1728          -1
1729          -1
1730          -1
1731          -1
1732          -1
1733          -1
1734          -1
1735          -1
1736          -1
1737          -1
1738          -1
1739          -1
1740          -1
1741          -1
1742          -1
1743          -1
1744          -1
1745          -1
1746          -1
1747          -1
1748          -1
1749          -1
1750          -1
1751          -1
1752          -1
1753          -1
1754          -1
1755          -1
1756          -1
1757          -1
1758          -1
1759          -1
1760          -1
1761          -1
1762          -1
1763          -1
1764          -1
1765          -1
1766          -1
1767          -1
1768          -1
1769          -1
1770          -1
1771          -1
1772          -1
1773          -1
1774          -1
1775          -1
1776          -1
1777          -1
1778          -1
1779          -1
1780          -1
1781          -1
1782          -1
1783          -1
1784          -1
1785          -1
1786          -1
1787          -1
1788          -1
1789       -0.92
1790          -1
1791          -1
1792          -1
1793          -1
1794          -1
1795          -1
1796          -1
1797          -1
1798          -1
1799          -1
1800          -1
1801          -1
1802          -1
1803          -1
1804          -1
1805          -1
1806          -1
1807          -1
1808          -1
1809          -1
1810          -1
1811          -1
1812          -1
1813          -1
1814          -1
1815          -1
1816          -1
1817          -1
1818          -1
1819          -1
1820          -1
1821          -1
1822          -1
1823          -1
1824          -1
1825          -1
1826          -1
1827          -1
1828          -1
1829          -1
1830          -1
1831          -1
1832          -1
1833          -1
1834          -1
1835          -1
1836          -1
1837          -1
1838          -1
1839          -1
1840          -1
1841          -1
1842          -1
1843          -1
1844          -1
1845          -1
1846          -1
1847          -1
1848          -1
1849          -1
1850          -1
1851          -1
1852          -1
1853          -1
1854          -1
1855          -1
1856          -1
1857          -1
1858          -1
1859          -1
1860          -1
1861          -1
1862          -1
1863          -1
1864          -1
1865          -1
1866          -1
1867          -1
1868          -1
1869          -1
1870          -1
1871          -1
1872          -1
1873          -1
1874          -1
1875          -1
1876          -1
1877          -1
1878          -1
1879          -1
1880          -1
1881          -1
1882          -1
1883          -1
1884          -1
1885          -1
1886          -1
1887          -1
1888          -1
1889          -1
1890          -1
1891          -1
1892          -1
1893          -1
1894          -1
1895          -1
1896          -1
1897          -1
1898          -1
1899          -1
1900          -1
1901          -1
1902          -1
1903          -1
1904          -1
1905          -1
1906          -1
1907          -1
1908          -1
1909          -1
1910          -1
1911          -1
1912          -1
1913          -1
1914          -1
1915          -1
1916          -1
1917          -1
1918          -1
1919          -1
1920          -1
1921          -1
1922          -1
1923          -1
1924          -1
1925          -1
1926          -1
1927          -1
1928          -1
1929          -1
1930          -1
1931          -1
1932          -1
1933          -1
1934          -1
1935          -1
1936          -1
1937          -1
1938          -1
1939          -1
1940          -1
1941       -0.92
1942          -1
1943          -1
1944          -1
1945          -1
1946          -1
1947          -1
1948          -1
1949          -1
1950          -1
1951          -1
1952          -1
1953          -1
1954          -1
1955          -1
1956          -1
1957          -1
1958          -1
1959          -1
1960          -1
1961          -1
1962          -1
1963          -1
1964          -1
1965          -1
1966          -1
1967          -1
1968          -1
1969          -1
1970          -1
1971          -1
1972          -1
1973          -1
1974          -1
1975          -1
1976          -1
1977          -1
1978          -1
1979          -1
1980          -1
1981          -1
1982          -1
1983          -1
1984          -1
1985          -1
1986          -1
1987          -1
1988          -1
1989          -1
1990          -1
1991          -1
1992          -1
1993          -1
1994          -1
1995          -1
1996          -1
1997          -1
1998          -1
1999          -1
2000          -1
2001          -1
2002          -1
2003          -1
2004          -1
2005          -1
2006          -1
2007          -1
2008          -1
2009          -1
2010          -1
2011          -1
2012          -1
2013          -1
2014          -1
2015          -1
2016          -1
2017          -1
2018          -1
2019          -1
2020       -0.92
2021          -1
2022          -1
2023          -1
2024          -1
2025          -1
2026          -1
2027          -1
2028          -1
2029          -1
2030          -1
2031          -1
2032          -1
2033          -1
2034          -1
2035          -1
2036          -1
2037          -1
2038          -1
2039          -1
2040       -0.92
2041       -0.92
2042          -1
2043          -1
2044          -1
2045          -1
2046          -1
2047          -1
2048          -1
2049          -1
2050          -1
2051          -1
2052          -1
2053          -1
2054          -1
2055          -1
2056          -1
2057          -1
2058          -1
2059          -1
2060          -1
2061          -1
2062          -1
2063          -1
2064          -1
2065          -1
2066          -1
2067          -1
2068          -1
2069          -1
2070          -1
2071          -1
2072          -1
2073          -1
2074          -1
2075          -1
2076          -1
2077          -1
2078          -1
2079          -1
2080          -1
2081          -1
2082          -1
2083          -1
2084          -1
2085          -1
2086          -1
2087          -1
2088          -1
2089          -1
2090          -1
2091          -1
2092          -1
2093          -1
2094          -1
2095          -1
2096          -1
2097          -1
2098          -1
2099          -1
2100          -1
2101          -1
2102          -1
2103          -1
2104          -1
2105          -1
2106          -1
2107          -1
2108          -1
2109          -1
2110          -1
2111          -1
2112          -1
2113          -1
2114          -1
2115          -1
2116          -1
2117          -1
2118          -1
2119          -1
2120          -1
2121          -1
2122          -1
2123          -1
2124          -1
2125          -1
2126          -1
2127          -1
2128          -1
2129          -1
2130          -1
2131          -1
2132          -1
2133          -1
2134          -1
2135          -1
2136          -1
2137          -1
2138          -1
2139          -1
2140          -1
2141          -1
2142          -1
2143          -1
2144          -1
2145          -1
2146          -1
2147          -1
2148          -1
2149          -1
2150          -1
2151          -1
2152          -1
2153          -1
2154          -1
2155          -1
2156          -1
2157          -1
2158          -1
2159          -1
2160          -1
2161          -1
2162          -1
2163          -1
2164          -1
2165          -1
2166          -1
2167          -1
2168          -1
2169          -1
2170          -1
2171          -1
2172          -1
2173          -1
2174          -1
2175          -1
2176          -1
2177          -1
2178          -1
2179          -1
2180          -1
2181          -1
2182          -1
2183          -1
2184          -1
2185          -1
2186          -1
2187          -1
2188          -1
2189          -1
2190          -1
2191          -1
2192          -1
2193          -1
2194          -1
2195          -1
2196          -1
2197          -1
2198          -1
2199          -1
2200          -1
2201          -1
2202          -1
2203          -1
2204          -1
2205          -1
2206       -0.92
2207       -0.92
2208       -0.92
2209          -1
2210          -1
2211          -1
2212          -1
2213          -1
2214          -1
2215          -1
2216          -1
2217          -1
2218          -1
2219          -1
2220          -1
2221          -1
2222          -1
2223          -1
2224          -1
2225          -1
2226          -1
2227          -1
2228          -1
2229          -1
2230          -1
2231          -1
2232          -1
2233          -1
2234          -1
2235          -1
2236          -1
2237       -0.92
2238       -0.92
2239       -0.92
2240          -1
2241          -1
2242          -1
2243          -1
2244          -1
2245          -1
2246          -1
2247          -1
2248          -1
2249          -1
2250          -1
2251          -1
2252          -1
2253          -1
2254          -1
2255          -1
2256          -1
2257       -0.92
2258       -0.92
2259       -0.92
2260       -0.92
2261       -0.92
2262       -0.92
2263       -0.92
2264       -0.92
2265       -0.92
2266       -0.92
2267       -0.92
2268       -0.92
2269       -0.92
2270       -0.92
2271       -0.92
2272       -0.92
2273       -0.92
2274       -0.92
2275       -0.92
2276       -0.92
2277       -0.92
2278       -0.92
2279       -0.92
2280       -0.92
2281       -0.92
2282       -0.92
2283       -0.92
2284       -0.92
2285       -0.92
2286       -0.92
2287       -0.92
2288       -0.92
2289       -0.92
2290       -0.92
2291       -0.92
2292       -0.92
2293       -0.92
2294          -1
2295          -1
2296          -1
2297          -1
2298          -1
2299          -1
2300          -1
2301          -1
2302          -1
2303          -1
2304          -1
2305          -1
2306          -1
2307          -1
2308          -1
2309          -1
2310          -1
2311          -1
2312          -1
2313       -0.92
2314       -0.92
2315       -0.92
2316       -0.92
2317       -0.92
2318       -0.92
2319       -0.92
2320       -0.92
2321       -0.92
2322       -0.92
2323       -0.92
2324          -1
2325          -1
2326          -1
2327          -1
2328          -1
2329          -1
2330          -1
2331          -1
2332          -1
2333          -1
2334          -1
2335          -1
2336          -1
2337          -1
2338          -1
2339          -1
2340          -1
2341          -1
2342          -1
2343          -1
2344          -1
2345          -1
2346          -1
2347          -1
2348          -1
2349          -1
2350          -1
2351          -1
2352          -1
2353          -1
2354          -1
2355          -1
2356          -1
2357          -1
2358          -1
2359          -1
2360          -1
2361          -1
2362          -1
2363          -1
2364          -1
2365          -1
2366          -1
2367          -1
2368          -1
2369          -1
2370          -1
2371          -1
2372          -1
2373          -1
2374          -1
2375          -1
2376          -1
2377          -1
2378          -1
2379          -1
2380          -1
2381          -1
2382          -1
2383          -1
2384          -1
2385          -1
2386          -1
2387          -1
2388          -1
2389          -1
2390          -1
2391          -1
2392          -1
2393          -1
2394          -1
2395          -1
2396          -1
2397          -1
2398          -1
2399          -1
2400          -1
2401          -1
2402          -1
2403          -1
2404          -1
2405          -1
2406          -1
2407          -1
2408          -1
2409          -1
2410          -1
2411          -1
2412          -1
2413          -1
2414          -1
2415          -1
2416          -1
2417          -1
2418          -1
2419          -1
2420          -1
2421          -1
2422          -1
2423          -1
2424          -1
2425          -1
2426          -1
2427          -1
2428          -1
2429          -1
2430          -1
2431          -1
2432          -1
2433          -1
2434          -1
2435          -1
2436          -1
2437          -1
2438          -1
2439          -1
2440          -1
2441          -1
2442          -1
2443          -1
2444          -1
2445          -1
2446          -1
2447          -1
2448          -1
2449          -1
2450          -1
2451          -1
2452          -1
2453          -1
2454          -1
2455          -1
2456          -1
2457          -1
2458          -1
2459          -1
2460          -1
2461          -1
2462          -1
2463          -1
2464          -1
2465          -1
2466          -1
2467          -1
2468          -1
2469          -1
2470          -1
2471          -1
2472          -1
2473          -1
2474          -1
2475          -1
2476          -1
2477          -1
2478          -1
2479          -1
2480          -1
2481          -1
2482          -1
2483          -1
2484          -1
2485          -1
2486          -1
2487          -1
2488          -1
2489          -1
2490          -1
2491          -1
2492          -1
2493          -1
2494          -1
2495          -1
2496          -1
2497          -1
2498          -1
2499          -1
2500          -1
2501          -1
2502          -1
2503          -1
2504          -1
2505          -1
2506          -1
2507          -1
2508          -1
2509          -1
2510          -1
2511          -1
2512          -1
2513          -1
2514          -1
2515          -1
2516          -1
2517          -1
2518          -1
2519          -1
2520          -1
2521          -1
2522          -1
2523          -1
2524          -1
2525          -1
2526          -1
2527          -1
2528          -1
2529          -1
2530          -1
2531          -1
2532          -1
2533          -1
2534          -1
2535          -1
2536          -1
2537          -1
2538          -1
2539          -1
2540          -1
2541          -1
2542          -1
2543          -1
2544          -1
2545          -1
2546          -1
2547          -1
2548          -1
2549          -1
2550          -1
2551          -1
2552          -1
2553          -1
2554       -0.92
2555       -0.92
2556       -0.92
2557       -0.92
2558       -0.92
2559       -0.84
2560       -0.84
2561       -0.84
2562       -0.92
2563       -0.92
2564       -0.92
2565       -0.92
2566       -0.92
2567       -0.92
2568       -0.92
2569       -0.92
2570       -0.92
2571       -0.92
2572       -0.92
2573       -0.92
2574       -0.92
2575       -0.92
2576       -0.92
2577       -0.92
2578       -0.92
2579       -0.92
2580       -0.92
2581       -0.92
2582       -0.92
2583       -0.92
2584       -0.92
2585       -0.92
2586       -0.92
2587       -0.92
2588       -0.92
2589       -0.92
2590       -0.92
2591       -0.92
2592       -0.92
2593       -0.92
2594       -0.92
2595       -0.92
2596       -0.92
2597       -0.92
2598       -0.92
2599       -0.92
2600       -0.92
2601       -0.92
2602       -0.92
2603       -0.92
2604       -0.92
2605       -0.92
2606       -0.92
2607       -0.92
2608       -0.92
2609       -0.92
2610       -0.92
2611       -0.92
2612       -0.84
2613       -0.84
2614       -0.84
2615       -0.92
2616       -0.92
2617       -0.92
2618       -0.92
2619       -0.92
2620       -0.92
2621       -0.92
2622       -0.92
2623       -0.92
2624       -0.92
2625       -0.92
2626       -0.92
2627       -0.92
2628       -0.92
2629       -0.92
2630       -0.92
2631       -0.92
2632       -0.92
2633       -0.92
2634       -0.92
2635       -0.92
2636       -0.92
2637       -0.92
2638       -0.92
2639       -0.84
2640       -0.84
2641       -0.92
2642       -0.92
2643       -0.92
2644       -0.92
2645       -0.92
2646       -0.92
2647       -0.92
2648       -0.92
2649       -0.92
2650       -0.92
2651       -0.92
2652       -0.92
2653       -0.92
2654       -0.92
2655       -0.92
2656       -0.92
2657       -0.92
2658       -0.92
2659       -0.92
2660       -0.92
2661       -0.92
2662       -0.92
2663       -0.92
2664       -0.92
2665       -0.92
2666       -0.92
2667       -0.92
2668       -0.92
2669       -0.92
2670       -0.92
2671       -0.92
2672       -0.92
2673       -0.92
2674       -0.92
2675       -0.92
2676       -0.92
2677       -0.92
2678       -0.92
2679       -0.92
2680       -0.92
2681       -0.92
2682       -0.92
2683       -0.92
2684       -0.92
2685       -0.92
2686       -0.84
2687       -0.84
2688       -0.84
2689       -0.92
2690       -0.92
2691       -0.92
2692       -0.92
2693       -0.92
2694       -0.92
2695       -0.92
2696       -0.92
2697       -0.92
2698       -0.92
2699       -0.92
2700       -0.92
2701       -0.92
2702       -0.92
2703       -0.92
2704       -0.92
2705       -0.92
2706       -0.92
2707       -0.92
2708       -0.92
2709       -0.92
2710       -0.92
2711       -0.92
2712       -0.92
2713       -0.92
2714       -0.92
2715       -0.92
2716       -0.92
2717       -0.92
2718       -0.92
2719       -0.92
2720       -0.92
2721       -0.92
2722       -0.92
2723       -0.92
2724       -0.92
2725       -0.92
2726       -0.92
2727       -0.92
2728       -0.92
2729       -0.92
2730       -0.92
2731       -0.92
2732       -0.92
2733       -0.92
2734       -0.92
2735       -0.92
2736       -0.92
2737       -0.92
2738       -0.92
2739       -0.92
2740       -0.92
2741       -0.92
2742       -0.92
2743       -0.92
2744       -0.92
2745       -0.92
2746       -0.92
2747       -0.92
2748       -0.92
2749       -0.92
2750       -0.92
2751       -0.92
2752       -0.92
2753       -0.92
2754       -0.92
2755       -0.92
2756       -0.92
2757       -0.92
2758       -0.92
2759       -0.92
2760       -0.92
2761       -0.92
2762       -0.92
2763       -0.92
2764       -0.92
2765       -0.92
2766       -0.92
2767       -0.92
2768       -0.92
2769       -0.92
2770       -0.92
2771       -0.92
2772       -0.92
2773       -0.92
2774       -0.92
2775       -0.92
2776       -0.92
2777       -0.92
2778       -0.92
2779       -0.92
2780       -0.92
2781       -0.92
2782       -0.92
2783       -0.92
2784       -0.92
2785       -0.92
2786       -0.92
2787       -0.92
2788       -0.92
2789       -0.92
2790       -0.92
2791       -0.92
2792       -0.92
2793       -0.92
2794       -0.92
2795       -0.92
2796       -0.92
2797       -0.92
2798       -0.92
2799       -0.92
2800       -0.92
2801       -0.92
2802       -0.92
2803       -0.92
2804       -0.92
2805       -0.92
2806       -0.92
2807       -0.92
2808       -0.92
2809       -0.92
2810       -0.92
2811       -0.92
2812       -0.92
2813       -0.92
2814       -0.92
2815       -0.92
2816       -0.92
2817       -0.92
2818       -0.92
2819       -0.92
2820       -0.92
2821       -0.92
2822       -0.92
2823       -0.92
2824       -0.92
2825       -0.92
2826       -0.92
2827       -0.92
2828       -0.92
2829       -0.92
2830       -0.92
2831       -0.92
2832       -0.92
2833       -0.92
2834       -0.92
2835       -0.92
2836       -0.92
2837       -0.92
2838       -0.92
2839       -0.92
2840       -0.84
2841       -0.92
2842       -0.92
2843       -0.92
2844       -0.92
2845       -0.92
2846       -0.92
2847       -0.92
2848       -0.92
2849       -0.92
2850       -0.92
2851       -0.92
2852       -0.92
2853       -0.92
2854       -0.92
2855       -0.92
2856       -0.92
2857       -0.92
2858       -0.92
2859       -0.92
2860       -0.92
2861       -0.92
2862       -0.92
2863       -0.92
2864       -0.92
2865       -0.92
2866       -0.92
2867       -0.92
2868          -1
2869          -1
2870          -1
2871          -1
2872          -1
2873          -1
2874          -1
2875          -1
2876       -0.92
2877       -0.92
2878       -0.92
2879       -0.92
2880       -0.92
2881       -0.92
2882       -0.92
2883       -0.92
2884       -0.92
2885       -0.92
2886       -0.92
2887       -0.92
2888       -0.92
2889       -0.92
2890       -0.92
2891       -0.92
2892       -0.92
2893       -0.92
2894       -0.92
2895       -0.92
2896          -1
2897          -1
2898          -1
2899          -1
2900          -1
2901          -1
2902          -1
2903          -1
2904          -1
2905          -1
2906          -1
2907          -1
2908          -1
2909          -1
2910          -1
2911          -1
2912          -1
2913          -1
2914          -1
2915          -1
2916          -1
2917          -1
2918          -1
2919          -1
2920          -1
2921          -1
2922          -1
2923          -1
2924          -1
2925          -1
2926          -1
2927          -1
2928          -1
2929          -1
2930          -1
2931          -1
2932          -1
2933          -1
2934          -1
2935          -1
2936          -1
2937          -1
2938          -1
2939          -1
2940          -1
2941          -1
2942          -1
2943          -1
2944          -1
2945          -1
2946          -1
2947          -1
2948          -1
2949          -1
2950          -1
2951          -1
2952          -1
2953          -1
2954          -1
2955          -1
2956          -1
2957          -1
2958          -1
2959          -1
2960          -1
2961          -1
2962          -1
2963          -1
2964          -1
2965          -1
2966          -1
2967          -1
2968          -1
2969          -1
2970          -1
2971          -1
2972          -1
2973          -1
2974          -1
2975          -1
2976          -1
2977          -1
2978          -1
2979          -1
2980          -1
2981          -1
2982          -1
2983          -1
2984          -1
2985          -1
2986          -1
2987          -1
2988          -1
2989          -1
2990          -1
2991          -1
2992          -1
2993          -1
2994          -1
2995          -1
2996          -1
2997          -1
2998          -1
2999          -1
3000          -1
3001          -1
3002          -1
3003          -1
3004          -1
3005          -1
3006          -1
3007          -1
3008          -1
3009          -1
3010          -1
3011          -1
3012          -1
3013          -1
3014          -1
3015          -1
3016          -1
3017          -1
3018          -1
3019          -1
3020          -1
3021          -1
3022          -1
3023          -1
3024          -1
3025          -1
3026          -1
3027          -1
3028          -1
3029          -1
3030          -1
3031          -1
3032          -1
3033          -1
3034          -1
3035          -1
3036          -1
3037          -1
3038          -1
3039          -1
3040          -1
3041          -1
3042          -1
3043          -1
3044          -1
3045          -1
3046          -1
3047          -1
3048          -1
3049          -1
3050          -1
3051          -1
3052          -1
3053          -1
3054          -1
3055          -1
3056          -1
3057          -1
3058          -1
3059          -1
3060          -1
3061          -1
3062          -1
3063          -1
3064          -1
3065          -1
3066          -1
3067          -1
3068          -1
3069          -1
3070          -1
3071          -1
3072          -1
3073          -1
3074          -1
3075          -1
3076          -1
3077          -1
3078          -1
3079          -1
3080          -1
3081          -1
3082          -1
3083          -1
3084          -1
3085          -1
3086       -0.92
3087       -0.92
3088       -0.92
3089          -1
3090          -1
3091          -1
3092          -1
3093          -1
3094          -1
3095          -1
3096          -1
3097          -1
3098          -1
3099          -1
3100          -1
3101          -1
3102          -1
3103          -1
3104          -1
3105          -1
3106          -1
3107          -1
3108          -1
3109          -1
3110          -1
3111          -1
3112          -1
3113          -1
3114       -0.92
3115       -0.92
3116       -0.92
3117       -0.92
3118       -0.92
3119       -0.92
3120       -0.92
3121       -0.92
3122       -0.92
3123       -0.92
3124       -0.92
3125       -0.92
3126       -0.92
3127       -0.92
3128       -0.92
3129       -0.92
3130       -0.92
3131          -1
3132          -1
3133          -1
3134          -1
3135          -1
3136          -1
3137          -1
3138          -1
3139       -0.92
3140       -0.92
3141          -1
3142          -1
3143          -1
3144          -1
3145          -1
3146          -1
3147          -1
3148          -1
3149          -1
3150          -1
3151          -1
3152          -1
3153          -1
3154          -1
3155          -1
3156          -1
3157          -1
3158          -1
3159          -1
3160          -1
3161          -1
3162          -1
3163          -1
3164          -1
3165          -1
3166          -1
3167          -1
3168          -1
3169          -1
3170          -1
3171          -1
3172          -1
3173          -1
3174          -1
3175          -1
3176          -1
3177          -1
3178          -1
3179          -1
3180          -1
3181          -1
3182          -1
3183          -1
3184          -1
3185          -1
3186          -1
3187       -0.92
3188       -0.92
3189       -0.92
3190       -0.92
3191       -0.92
3192       -0.92
3193       -0.92
3194       -0.92
3195       -0.92
3196       -0.92
3197       -0.92
3198       -0.92
3199       -0.92
3200       -0.92
3201       -0.92
3202          -1
3203          -1
3204          -1
3205          -1
3206          -1
3207          -1
3208          -1
3209          -1
3210          -1
3211          -1
3212          -1
3213          -1
3214          -1
3215          -1
3216          -1
3217          -1
3218          -1
3219          -1
3220          -1
3221          -1
3222          -1
3223          -1
3224          -1
3225          -1
3226          -1
3227          -1
3228          -1
3229          -1
3230          -1
3231          -1
3232          -1
3233          -1
3234          -1
3235          -1
3236          -1
3237          -1
3238          -1
3239          -1
3240          -1
3241          -1
3242          -1
3243          -1
3244          -1
3245          -1
3246          -1
3247          -1
3248          -1
3249          -1
3250          -1
3251          -1
3252          -1
3253          -1
3254          -1
3255          -1
3256          -1
3257          -1
3258          -1
3259          -1
3260          -1
3261          -1
3262          -1
3263          -1
3264          -1
3265          -1
3266          -1
3267          -1
3268          -1
3269          -1
3270          -1
3271          -1
3272          -1
3273          -1
3274          -1
3275          -1
3276          -1
3277          -1
3278          -1
3279          -1
3280          -1
3281          -1
3282          -1
3283          -1
3284          -1
3285       -0.92
3286       -0.92
3287       -0.92
3288          -1
3289          -1
3290          -1
3291          -1
3292          -1
3293          -1
3294          -1
3295          -1
3296          -1
3297          -1
3298          -1
3299          -1
3300          -1
3301          -1
3302          -1
3303          -1
3304          -1
3305          -1
3306          -1
3307          -1
3308          -1
3309          -1
3310          -1
3311          -1
3312          -1
3313          -1
3314          -1
3315          -1
3316          -1
3317          -1
3318          -1
3319          -1
3320          -1
3321          -1
3322          -1
3323          -1
3324          -1
3325          -1
3326          -1
3327          -1
3328          -1
3329          -1
3330          -1
3331          -1
3332          -1
3333          -1
3334          -1
3335          -1
3336          -1
3337          -1
3338          -1
3339          -1
3340          -1
3341          -1
3342          -1
3343          -1
3344          -1
3345          -1
3346          -1
3347          -1
3348          -1
3349          -1
3350          -1
3351          -1
3352          -1
3353          -1
3354          -1
3355          -1
3356          -1
3357          -1
3358          -1
3359          -1
3360          -1
3361          -1
3362          -1
3363          -1
3364          -1
3365          -1
3366          -1
3367          -1
3368          -1
3369          -1
3370          -1
3371          -1
3372          -1
3373          -1
3374          -1
3375          -1
3376          -1
3377          -1
3378          -1
3379          -1
3380          -1
3381          -1
3382          -1
3383          -1
3384          -1
3385          -1
3386          -1
3387          -1
3388          -1
3389          -1
3390          -1
3391          -1
3392          -1
3393          -1
3394          -1
3395          -1
3396          -1
3397          -1
3398          -1
3399          -1
3400          -1
3401          -1
3402          -1
3403          -1
3404          -1
3405          -1
3406          -1
3407          -1
3408          -1
3409          -1
3410          -1
3411          -1
3412          -1
3413          -1
3414          -1
3415          -1
3416          -1
3417          -1
3418          -1
3419          -1
3420          -1
3421          -1
3422          -1
3423          -1
3424          -1
3425          -1
3426          -1
3427          -1
3428          -1
3429          -1
3430          -1
3431          -1
3432          -1
3433          -1
3434          -1
3435          -1
3436          -1
3437          -1
3438          -1
3439          -1
3440          -1
3441          -1
3442          -1
3443          -1
3444          -1
3445          -1
3446          -1
3447          -1
3448          -1
3449          -1
3450          -1
3451          -1
3452          -1
3453          -1
3454          -1
3455          -1
3456          -1
3457          -1
3458          -1
3459          -1
3460          -1
3461          -1
3462          -1
3463          -1
3464          -1
3465          -1
3466          -1
3467          -1
3468          -1
3469          -1
3470          -1
3471          -1
3472          -1
3473          -1
3474          -1
3475          -1
3476          -1
3477          -1
3478          -1
3479          -1
3480          -1
3481          -1
3482          -1
3483          -1
3484       -0.92
3485       -0.92
3486       -0.92
3487       -0.92
3488       -0.92
3489       -0.92
3490       -0.92
3491       -0.92
3492       -0.92
3493       -0.92
3494       -0.92
3495       -0.92
3496       -0.92
3497       -0.92
3498       -0.92
3499       -0.92
3500       -0.92
3501       -0.92
3502       -0.92
3503       -0.92
3504       -0.92
3505       -0.92
3506       -0.92
3507       -0.92
3508       -0.92
3509       -0.92
3510       -0.92
3511       -0.92
3512       -0.92
3513       -0.92
3514       -0.92
3515       -0.92
3516       -0.92
3517       -0.92
3518       -0.92
3519       -0.92
3520       -0.92
3521       -0.92
3522       -0.92
3523       -0.92
3524       -0.92
3525       -0.92
3526       -0.92
3527       -0.92
3528       -0.92
3529       -0.92
3530       -0.92
3531       -0.92
3532       -0.92
3533       -0.92
3534       -0.92
3535       -0.92
3536       -0.92
3537          -1
3538          -1
3539          -1
3540          -1
3541          -1
3542          -1
3543          -1
3544          -1
3545          -1
3546          -1
3547          -1
3548          -1
3549          -1
3550          -1
3551          -1
3552          -1
3553          -1
3554          -1
3555          -1
3556          -1
3557          -1
3558          -1
3559          -1
3560          -1
3561          -1
3562          -1
3563          -1
3564          -1
3565          -1
3566          -1
3567          -1
3568          -1
3569          -1
3570          -1
3571          -1
3572          -1
3573          -1
3574          -1
3575          -1
3576          -1
3577          -1
3578          -1
3579          -1
3580          -1
3581          -1
3582          -1
3583          -1
3584          -1
3585          -1
3586          -1
3587          -1
3588          -1
3589          -1
3590          -1
3591       -0.92
3592       -0.92
3593       -0.92
3594       -0.92
3595       -0.92
3596       -0.92
3597       -0.92
3598       -0.92
3599       -0.92
3600       -0.92
3601       -0.92
3602       -0.92
3603       -0.92
3604       -0.92
3605       -0.92
3606       -0.92
3607       -0.92
3608       -0.92
3609       -0.92
3610       -0.92
3611       -0.92
3612       -0.92
3613       -0.92
3614       -0.92
3615       -0.92
3616       -0.92
3617       -0.92
3618       -0.92
3619       -0.92
3620       -0.92
3621       -0.92
3622       -0.92
3623       -0.92
3624       -0.92
3625       -0.92
3626       -0.92
3627       -0.92
3628       -0.92
3629       -0.92
3630       -0.92
3631       -0.92
3632       -0.92
3633       -0.92
3634       -0.84
3635       -0.92
3636       -0.92
3637       -0.92
3638       -0.92
3639       -0.92
3640       -0.92
3641       -0.92
3642       -0.92
3643       -0.92
3644       -0.92
3645       -0.92
3646       -0.92
3647       -0.92
3648       -0.92
3649       -0.92
3650       -0.92
3651       -0.92
3652       -0.92
3653       -0.92
3654       -0.92
3655       -0.92
3656       -0.92
3657       -0.92
3658       -0.92
3659       -0.92
3660       -0.92
3661       -0.92
3662       -0.92
3663       -0.92
3664       -0.92
3665       -0.92
3666       -0.92
3667       -0.92
3668       -0.92
3669       -0.84
3670       -0.84
3671       -0.84
3672       -0.92
3673       -0.92
3674       -0.92
3675       -0.92
3676       -0.92
3677       -0.92
3678       -0.92
3679       -0.92
3680       -0.92
3681       -0.92
3682       -0.92
3683       -0.92
3684       -0.92
3685       -0.92
3686       -0.92
3687       -0.92
3688       -0.92
3689       -0.92
3690       -0.92
3691       -0.92
3692       -0.92
3693       -0.92
3694       -0.92
3695       -0.92
3696       -0.92
3697       -0.92
3698       -0.92
3699       -0.92
3700       -0.92
3701       -0.92
3702       -0.92
3703       -0.92
3704          -1
3705          -1
3706          -1
3707          -1
3708          -1
3709          -1
3710          -1
3711          -1
3712          -1
3713          -1
3714          -1
3715          -1
3716          -1
3717          -1
3718          -1
3719          -1
3720          -1
3721          -1
3722          -1
3723          -1
3724          -1
3725          -1
3726          -1
3727          -1
3728          -1
3729          -1
3730          -1
3731          -1
3732          -1
3733          -1
3734          -1
3735          -1
3736          -1
3737          -1
3738          -1
3739       -0.92
3740       -0.92
3741          -1
3742          -1
3743          -1
3744          -1
3745          -1
3746          -1
3747          -1
3748          -1
3749          -1
3750          -1
3751          -1
3752          -1
3753          -1
3754          -1
3755          -1
3756          -1
3757          -1
3758          -1
3759          -1
3760          -1
3761          -1
3762          -1
3763          -1
3764          -1
3765          -1
3766          -1
3767          -1
3768          -1
3769          -1
3770          -1
3771          -1
3772          -1
3773          -1
3774          -1
3775          -1
3776          -1
3777          -1
3778          -1
3779          -1
3780          -1
3781          -1
3782          -1
3783          -1
3784          -1
3785          -1
3786          -1
3787          -1
3788          -1
3789          -1
3790          -1
3791          -1
3792          -1
3793          -1
3794          -1
3795          -1
3796          -1
3797          -1
3798          -1
3799          -1
3800          -1
3801          -1
3802          -1
3803          -1
3804          -1
3805          -1
3806          -1
3807          -1
3808          -1
3809          -1
3810          -1
3811          -1
3812          -1
3813          -1
3814          -1
3815          -1
3816          -1
3817          -1
3818          -1
3819          -1
3820          -1
3821          -1
3822          -1
3823          -1
3824          -1
3825          -1
3826          -1
3827          -1
3828          -1
3829          -1
3830          -1
3831          -1
3832          -1
3833          -1
3834          -1
3835          -1
3836          -1
3837          -1
3838          -1
3839          -1
3840          -1
3841          -1
3842          -1
3843          -1
3844          -1
3845          -1
3846          -1
3847          -1
3848          -1
3849          -1
3850          -1
3851          -1
3852          -1
3853          -1
3854          -1
3855          -1
3856          -1
3857          -1
3858          -1
3859          -1
3860          -1
3861          -1
3862          -1
3863          -1
3864          -1
3865          -1
3866          -1
3867          -1
3868          -1
3869          -1
3870          -1
3871          -1
3872          -1
3873          -1
3874          -1
3875          -1
3876          -1
3877          -1
3878          -1
3879          -1
3880          -1
3881          -1
3882          -1
3883          -1
3884          -1
3885          -1
3886          -1
3887          -1
3888          -1
3889          -1
3890          -1
3891          -1
3892          -1
3893          -1
3894          -1
3895          -1
3896          -1
3897          -1
3898          -1
3899          -1
3900          -1
3901          -1
3902          -1
3903          -1
3904          -1
3905          -1
3906          -1
3907          -1
3908          -1
3909          -1
3910          -1
3911          -1
3912          -1
3913          -1
3914          -1
3915          -1
3916       -0.92
3917          -1
3918          -1
3919          -1
3920          -1
3921          -1
3922          -1
3923          -1
3924          -1
3925          -1
3926          -1
3927          -1
3928          -1
3929          -1
3930       -0.92
3931       -0.92
3932          -1
3933          -1
3934          -1
3935          -1
3936          -1
3937          -1
3938          -1
3939          -1
3940          -1
3941          -1
3942          -1
3943          -1
3944          -1
3945          -1
3946          -1
3947          -1
3948          -1
3949          -1
3950          -1
3951          -1
3952          -1
3953          -1
3954          -1
3955          -1
3956          -1
3957          -1
3958          -1
3959          -1
3960          -1
3961          -1
3962          -1
3963          -1
3964          -1
3965          -1
3966          -1
3967          -1
3968          -1
3969          -1
3970          -1
3971          -1
3972          -1
3973          -1
3974          -1
3975          -1
3976          -1
3977          -1
3978          -1
3979          -1
3980          -1
3981          -1
3982          -1
3983          -1
3984          -1
3985          -1
3986          -1
3987          -1
3988          -1
3989          -1
3990          -1
3991          -1
3992          -1
3993          -1
3994          -1
3995          -1
3996          -1
3997          -1
3998          -1
3999          -1
4000          -1
4001          -1
4002          -1
4003          -1
4004          -1
4005          -1
4006          -1
4007          -1
4008          -1
4009          -1
4010          -1
4011          -1
4012          -1
4013          -1
4014          -1
4015          -1
4016          -1
4017          -1
4018          -1
4019          -1
4020          -1
4021          -1
4022          -1
4023          -1
4024          -1
4025          -1
4026          -1
4027          -1
4028          -1
4029          -1
4030          -1
4031          -1
4032          -1
4033          -1
4034          -1
4035          -1
4036          -1
4037          -1
4038          -1
4039          -1
4040          -1
4041          -1
4042          -1
4043          -1
4044          -1
4045          -1
4046          -1
4047          -1
4048          -1
4049          -1
4050          -1
4051          -1
4052          -1
4053          -1
4054          -1
4055          -1
4056          -1
4057          -1
4058          -1
4059          -1
4060          -1
4061          -1
4062          -1
4063          -1
4064          -1
4065          -1
4066          -1
4067          -1
4068          -1
4069          -1
4070          -1
4071          -1
4072          -1
4073          -1
4074          -1
4075          -1
4076          -1
4077          -1
4078          -1
4079          -1
4080          -1
4081          -1
4082          -1
4083          -1
4084          -1
4085          -1
4086          -1
4087          -1
4088          -1
4089          -1
4090          -1
4091          -1
4092          -1
4093          -1
4094          -1
4095          -1
4096          -1
4097          -1
4098          -1
4099          -1
4100          -1
4101          -1
4102          -1
4103          -1
4104          -1
4105          -1
4106          -1
4107          -1
4108          -1
4109          -1
4110          -1
4111          -1
4112          -1
4113          -1
4114          -1
4115          -1
4116          -1
4117          -1
4118          -1
4119          -1
4120          -1
4121          -1
4122          -1
4123          -1
4124          -1
4125          -1
4126          -1
4127          -1
4128          -1
4129          -1
4130          -1
4131          -1
4132          -1
4133          -1
4134          -1
4135          -1
4136          -1
4137          -1
4138          -1
4139          -1
4140          -1
4141          -1
4142       -0.92
4143          -1
4144          -1
4145          -1
4146          -1
4147          -1
4148          -1
4149          -1
4150          -1
4151          -1
4152          -1
4153          -1
4154          -1
4155          -1
4156          -1
4157          -1
4158          -1
4159          -1
4160          -1
4161          -1
4162          -1
4163          -1
4164          -1
4165          -1
4166          -1
4167       -0.92
4168          -1
4169          -1
4170          -1
4171          -1
4172          -1
4173          -1
4174          -1
4175          -1
4176          -1
4177          -1
4178          -1
4179          -1
4180          -1
4181          -1
4182       -0.92
4183          -1
4184          -1
4185          -1
4186          -1
4187          -1
4188          -1
4189          -1
4190          -1
4191          -1
4192          -1
4193          -1
4194          -1
4195          -1
4196          -1
4197          -1
4198          -1
4199          -1
4200          -1
4201          -1
4202          -1
4203          -1
4204          -1
4205          -1
4206          -1
4207          -1
4208          -1
4209          -1
4210          -1
4211          -1
4212          -1
4213          -1
4214          -1
4215          -1
4216          -1
4217          -1
4218          -1
4219          -1
4220          -1
4221          -1
4222          -1
4223          -1
4224          -1
4225          -1
4226          -1
4227          -1
4228          -1
4229          -1
4230          -1
4231          -1
4232          -1
4233          -1
4234          -1
4235          -1
4236          -1
4237          -1
4238          -1
4239          -1
4240          -1
4241          -1
4242          -1
4243       -0.92
4244       -0.92
4245          -1
4246          -1
4247          -1
4248          -1
4249          -1
4250          -1
4251          -1
4252          -1
4253          -1
4254          -1
4255          -1
4256          -1
4257          -1
4258          -1
4259          -1
4260          -1
4261          -1
4262          -1
4263          -1
4264          -1
4265          -1
4266          -1
4267          -1
4268          -1
4269          -1
4270          -1
4271          -1
4272          -1
4273          -1
4274          -1
4275          -1
4276          -1
4277          -1
4278          -1
4279          -1
4280          -1
4281          -1
4282          -1
4283          -1
4284          -1
4285          -1
4286          -1
4287          -1
4288          -1
4289          -1
4290          -1
4291          -1
4292          -1
4293          -1
4294          -1
4295          -1
4296          -1
4297          -1
4298          -1
4299          -1
4300          -1
4301          -1
4302          -1
4303          -1
4304          -1
4305          -1
4306          -1
4307          -1
4308          -1
4309          -1
4310          -1
4311          -1
4312          -1
4313          -1
4314          -1
4315          -1
4316          -1
4317          -1
4318          -1
4319          -1
4320          -1
4321          -1
4322          -1
4323          -1
4324          -1
4325          -1
4326          -1
4327          -1
4328          -1
4329          -1
4330          -1
4331          -1
4332          -1
4333          -1
4334          -1
4335          -1
4336          -1
4337          -1
4338          -1
4339          -1
4340          -1
4341          -1
4342          -1
4343          -1
4344          -1
4345          -1
4346       -0.92
4347          -1
4348          -1
4349          -1
4350          -1
4351          -1
4352          -1
4353          -1
4354          -1
4355          -1
4356          -1
4357          -1
4358          -1
4359          -1
4360          -1
4361          -1
4362          -1
4363          -1
4364          -1
4365          -1
4366          -1
4367          -1
4368          -1
4369          -1
4370          -1
4371          -1
4372          -1
4373          -1
4374          -1
4375          -1
4376          -1
4377          -1
4378          -1
4379          -1
4380          -1
4381          -1
4382          -1
4383          -1
4384          -1
4385          -1
4386          -1
4387          -1
4388          -1
4389          -1
4390          -1
4391          -1
4392          -1
4393          -1
4394          -1
4395          -1
4396          -1
4397          -1
4398          -1
4399          -1
4400          -1
4401          -1
4402          -1
4403          -1
4404          -1
4405          -1
4406          -1
4407          -1
4408          -1
4409          -1
4410          -1
4411          -1
4412       -0.92
4413       -0.92
4414       -0.92
4415       -0.92
4416       -0.92
4417       -0.92
4418       -0.92
4419       -0.92
4420       -0.92
4421       -0.92
4422       -0.92
4423       -0.92
4424       -0.92
4425       -0.92
4426       -0.92
4427       -0.92
4428       -0.92
4429       -0.92
4430       -0.92
4431       -0.84
4432       -0.84
4433       -0.92
4434       -0.92
4435       -0.92
4436       -0.92
4437       -0.92
4438       -0.92
4439       -0.92
4440       -0.92
4441       -0.92
4442       -0.92
4443       -0.92
4444       -0.92
4445       -0.92
4446       -0.92
4447       -0.92
4448       -0.92
4449       -0.92
4450       -0.92
4451       -0.92
4452       -0.92
4453       -0.92
4454       -0.92
4455       -0.92
4456       -0.92
4457       -0.92
4458       -0.92
4459       -0.92
4460       -0.92
4461       -0.92
4462       -0.92
4463       -0.92
4464       -0.92
4465       -0.92
4466       -0.92
4467       -0.92
4468       -0.92
4469       -0.92
4470       -0.92
4471       -0.92
4472       -0.92
4473       -0.92
4474       -0.92
4475       -0.92
4476       -0.92
4477       -0.92
4478       -0.92
4479       -0.92
4480       -0.92
4481       -0.92
4482       -0.92
4483       -0.92
4484       -0.92
4485       -0.92
4486       -0.92
4487       -0.92
4488       -0.92
4489       -0.92
4490       -0.92
4491       -0.92
4492       -0.92
4493       -0.92
4494       -0.92
4495       -0.92
4496       -0.92
4497       -0.92
4498       -0.92
4499       -0.92
4500       -0.92
4501       -0.92
4502       -0.92
4503       -0.92
4504       -0.92
4505       -0.92
4506       -0.92
4507       -0.92
4508       -0.92
4509       -0.92
4510       -0.92
4511       -0.92
4512       -0.92
4513       -0.92
4514       -0.92
4515       -0.92
4516       -0.92
4517       -0.92
4518       -0.92
4519       -0.92
4520       -0.92
4521       -0.92
4522       -0.92
4523       -0.92
4524       -0.92
4525       -0.92
4526       -0.92
4527       -0.92
4528       -0.92
4529       -0.92
4530       -0.92
4531       -0.92
4532       -0.92
4533       -0.92
4534       -0.92
4535       -0.92
4536       -0.92
4537       -0.92
4538       -0.92
4539       -0.92
4540       -0.92
4541       -0.92
4542       -0.92
4543       -0.92
4544       -0.92
4545       -0.92
4546       -0.92
4547       -0.92
4548       -0.92
4549       -0.92
4550       -0.92
4551       -0.92
4552       -0.92
4553       -0.92
4554       -0.92
4555       -0.92
4556       -0.92
4557       -0.92
4558       -0.92
4559       -0.92
4560       -0.92
4561       -0.92
4562       -0.92
4563       -0.92
4564       -0.92
4565       -0.92
4566       -0.92
4567       -0.92
4568       -0.92
4569       -0.92
4570       -0.92
4571       -0.92
4572       -0.92
4573       -0.92
4574       -0.92
4575       -0.92
4576       -0.92
4577       -0.92
4578       -0.92
4579       -0.92
4580       -0.92
4581       -0.92
4582       -0.92
4583       -0.92
4584       -0.92
4585       -0.92
4586       -0.92
4587       -0.92
4588       -0.92
4589       -0.92
4590       -0.92
4591       -0.84
4592       -0.84
4593       -0.84
4594       -0.84
4595       -0.92
4596       -0.92
4597       -0.92
4598       -0.92
4599       -0.92
4600       -0.92
4601       -0.92
4602       -0.92
4603       -0.92
4604          -1
4605          -1
4606          -1
4607          -1
4608          -1
4609          -1
4610          -1
4611          -1
4612          -1
4613          -1
4614          -1
4615          -1
4616          -1
4617          -1
4618          -1
4619          -1
4620          -1
4621          -1
4622          -1
4623          -1
4624          -1
4625          -1
4626          -1
4627          -1
4628          -1
4629          -1
4630          -1
4631          -1
4632          -1
4633          -1
4634          -1
4635          -1
4636          -1
4637          -1
4638          -1
4639          -1
4640          -1
4641          -1
4642          -1
4643          -1
4644          -1
4645          -1
4646          -1
4647          -1
4648          -1
4649          -1
4650          -1
4651          -1
4652          -1
4653          -1
4654          -1
4655          -1
4656          -1
4657          -1
4658          -1
4659          -1
4660          -1
4661          -1
4662          -1
4663          -1
4664          -1
4665          -1
4666          -1
4667          -1
4668          -1
4669          -1
4670          -1
4671          -1
4672          -1
4673          -1
4674          -1
4675          -1
4676          -1
4677          -1
4678          -1
4679          -1
4680          -1
4681       -0.92
4682       -0.92
4683       -0.92
4684       -0.92
4685       -0.92
4686          -1
4687          -1
4688          -1
4689          -1
4690          -1
4691          -1
4692          -1
4693          -1
4694          -1
4695          -1
4696          -1
4697          -1
4698          -1
4699          -1
4700          -1
4701          -1
4702          -1
4703          -1
4704          -1
4705          -1
4706          -1
4707          -1
4708          -1
4709       -0.92
4710       -0.92
4711       -0.92
4712       -0.92
4713       -0.92
4714       -0.92
4715       -0.92
4716       -0.92
4717       -0.92
4718       -0.92
4719       -0.92
4720       -0.92
4721       -0.92
4722       -0.92
4723       -0.92
4724       -0.92
4725       -0.92
4726       -0.92
4727          -1
4728          -1
4729          -1
4730          -1
4731          -1
4732          -1
4733          -1
4734          -1
4735          -1
4736          -1
4737          -1
4738          -1
4739          -1
4740          -1
4741          -1
4742          -1
4743          -1
4744          -1
4745          -1
4746          -1
4747          -1
4748          -1
4749          -1
4750          -1
4751          -1
4752          -1
4753          -1
4754          -1
4755          -1
4756          -1
4757       -0.92
4758       -0.92
4759          -1
4760          -1
4761          -1
4762          -1
4763          -1
4764       -0.92
4765          -1
4766          -1
4767          -1
4768          -1
4769          -1
4770          -1
4771          -1
4772          -1
4773          -1
4774          -1
4775          -1
4776          -1
4777          -1
4778          -1
4779          -1
4780          -1
4781          -1
4782          -1
4783          -1
4784          -1
4785          -1
4786          -1
4787          -1
4788          -1
4789          -1
4790          -1
4791          -1
4792          -1
4793          -1
4794          -1
4795          -1
4796          -1
4797          -1
4798          -1
4799          -1
4800          -1
4801          -1
4802          -1
4803          -1
4804          -1
4805          -1
4806          -1
4807          -1
4808          -1
4809          -1
4810          -1
4811          -1
4812          -1
4813          -1
4814          -1
4815          -1
4816          -1
4817          -1
4818          -1
4819          -1
4820          -1
4821          -1
4822          -1
4823          -1
4824          -1
4825          -1
4826          -1
4827          -1
4828          -1
4829          -1
4830          -1
4831          -1
4832          -1
4833          -1
4834          -1
4835          -1
4836          -1
4837          -1
4838          -1
4839          -1
4840          -1
4841          -1
4842          -1
4843          -1
4844          -1
4845          -1
4846          -1
4847          -1
4848          -1
4849          -1
4850          -1
4851          -1
4852          -1
4853          -1
4854          -1
4855          -1
4856          -1
4857          -1
4858          -1
4859          -1
4860          -1
4861          -1
4862          -1
4863          -1
4864          -1
4865          -1
4866          -1
4867          -1
4868          -1
4869          -1
4870          -1
4871          -1
4872          -1
4873          -1
4874          -1
4875          -1
4876          -1
4877          -1
4878          -1
4879          -1
4880          -1
4881          -1
4882          -1
4883          -1
4884          -1
4885          -1
4886          -1
4887          -1
4888          -1
4889          -1
4890          -1
4891          -1
4892          -1
4893          -1
4894          -1
4895          -1
4896          -1
4897          -1
4898          -1
4899          -1
4900          -1
4901          -1
4902          -1
4903          -1
4904          -1
4905          -1
4906          -1
4907          -1
4908          -1
4909          -1
4910          -1
4911          -1
4912          -1
4913          -1
4914          -1
4915          -1
4916          -1
4917          -1
4918          -1
4919          -1
4920          -1
4921          -1
4922          -1
4923          -1
4924          -1
4925          -1
4926          -1
4927          -1
4928          -1
4929          -1
4930          -1
4931          -1
4932          -1
4933          -1
4934          -1
4935          -1
4936          -1
4937          -1
4938          -1
4939          -1
4940          -1
4941          -1
4942          -1
4943          -1
4944          -1
4945          -1
4946          -1
4947          -1
4948          -1
4949          -1
4950          -1
4951          -1
4952          -1
4953          -1
4954          -1
4955          -1
4956          -1
4957          -1
4958          -1
4959          -1
4960          -1
4961          -1
4962          -1
4963          -1
4964       -0.92
4965          -1
4966          -1
4967       -0.92
4968       -0.92
4969       -0.92
4970       -0.92
4971       -0.92
4972       -0.92
4973       -0.92
4974       -0.92
4975       -0.92
4976       -0.92
4977       -0.92
4978       -0.92
4979       -0.92
4980       -0.92
4981       -0.92
4982       -0.92
4983       -0.92
4984       -0.92
4985       -0.92
4986       -0.92
4987       -0.92
4988       -0.92
4989       -0.92
4990       -0.92
4991       -0.92
4992       -0.92
4993       -0.92
4994       -0.92
4995       -0.92
4996       -0.92
4997       -0.92
4998       -0.92
4999          -1
5000          -1
